# Configuracion:
# Concentracion g/m^3_=_9950.0
# C_Vs_to_Am_M_A/Vsm_=_116720831517.84952
# pendiente_HvsI_1/m_=_3716.3
# ordenada_HvsI_A/m_=_1297.0
# frecuencia_ref_Hz_=_308265.31595506513
# 
Resultados:
# tau_s_=_(7.77+/-2.07)e+01
# dphi_rad_=_6.43+/-0.04
# SAR_W/g_=_603.13+/-76.67
# Hc_kA/m_=_10.34+/-1.82
# Mr_A/m_=_218.13+/-36.82
# Suceptibilidad_a_M=0_=_0.0266+/-0.0071
Nombre_archivo	Time_m_(s)	Temperatura_(ºC)	Mr_(A/m)	Hc_(kA/m)	Campo_max_(A/m)	Mag_max_(A/m)	f0	mag0	dphi0	SAR_(W/g)	Tau_(ns)	N	xi_M_0
300kHz_150dA_100Mss_bobN1C20008.txt	65.44	-169.84	171.62	14.50	57041.50	482.75	3.083021e+05	1.996767e+01	6.505187e+00	814.11	116.541708	4541	1.336e-02
300kHz_150dA_100Mss_bobN1C20009.txt	65.96	-164.70	169.52	14.99	57041.50	451.99	3.083021e+05	1.891782e+01	6.515221e+00	805.56	121.999179	4541	1.295e-02
300kHz_150dA_100Mss_bobN1C20010.txt	66.47	-159.27	170.84	14.94	57041.50	444.10	3.083021e+05	1.854368e+01	6.517145e+00	796.05	123.048604	4541	1.307e-02
300kHz_150dA_100Mss_bobN1C20011.txt	66.99	-153.71	167.21	15.05	57041.50	421.17	3.083021e+05	1.771635e+01	6.520603e+00	771.57	124.936386	4541	1.271e-02
300kHz_150dA_100Mss_bobN1C20012.txt	67.5	-148.50	165.09	15.47	57041.50	408.00	3.082343e+05	1.726152e+01	6.528446e+00	775.93	129.233490	4542	1.237e-02
300kHz_150dA_100Mss_bobN1C20013.txt	68.01	-143.31	162.06	15.26	57041.50	397.84	3.083021e+05	1.691547e+01	6.528741e+00	761.44	129.393845	4541	1.219e-02
300kHz_150dA_100Mss_bobN1C20014.txt	68.53	-138.84	160.45	15.48	57041.50	382.30	3.083021e+05	1.634844e+01	6.532305e+00	746.38	131.351950	4541	1.196e-02
300kHz_150dA_100Mss_bobN1C20015.txt	69.04	-134.57	158.91	15.40	57041.50	381.62	3.083021e+05	1.635104e+01	6.530837e+00	742.19	130.543998	4541	1.193e-02
300kHz_150dA_100Mss_bobN1C20016.txt	69.53	-131.73	160.65	15.45	57041.50	371.74	3.083021e+05	1.598674e+01	6.536837e+00	742.86	133.845599	4541	1.195e-02
300kHz_150dA_100Mss_bobN1C20017.txt	70.03	-128.83	162.16	15.35	57041.50	378.35	3.083021e+05	1.617150e+01	6.532054e+00	737.57	131.213285	4541	1.224e-02
300kHz_150dA_100Mss_bobN1C20018.txt	70.6	-125.70	155.83	15.03	57041.50	368.33	3.083021e+05	1.582296e+01	6.531543e+00	720.22	130.932832	4541	1.179e-02
300kHz_150dA_100Mss_bobN1C20019.txt	71.6	-120.20	155.28	14.85	57041.50	366.00	3.083021e+05	1.577812e+01	6.524366e+00	697.84	126.995847	4541	1.203e-02
300kHz_150dA_100Mss_bobN1C20020.txt	72.11	-117.41	155.59	14.88	57041.50	361.29	3.083021e+05	1.558655e+01	6.526525e+00	695.41	128.178821	4541	1.200e-02
300kHz_150dA_100Mss_bobN1C20021.txt	72.62	-114.65	151.73	14.77	57041.50	355.21	3.083021e+05	1.542174e+01	6.525489e+00	685.19	127.610110	4541	1.168e-02
300kHz_150dA_100Mss_bobN1C20022.txt	73.12	-111.69	152.90	14.54	57041.50	360.40	3.083021e+05	1.555922e+01	6.520963e+00	678.63	125.134702	4541	1.202e-02
300kHz_150dA_100Mss_bobN1C20023.txt	73.61	-107.96	151.79	14.25	57041.50	365.55	3.082343e+05	1.578486e+01	6.517356e+00	678.07	123.164815	4542	1.216e-02
300kHz_150dA_100Mss_bobN1C20024.txt	74.12	-104.46	152.05	14.55	57041.50	356.38	3.083021e+05	1.540059e+01	6.522760e+00	676.69	126.117823	4541	1.196e-02
300kHz_150dA_100Mss_bobN1C20025.txt	74.62	-102.21	149.33	14.11	57041.50	351.09	3.083021e+05	1.523205e+01	6.518133e+00	656.60	123.587919	4541	1.199e-02
300kHz_150dA_100Mss_bobN1C20026.txt	75.12	-99.98	149.55	14.26	57041.50	351.37	3.083021e+05	1.526786e+01	6.518178e+00	658.27	123.613322	4541	1.198e-02
300kHz_150dA_100Mss_bobN1C20027.txt	75.62	-97.83	147.89	14.23	57041.50	352.79	3.083021e+05	1.529604e+01	6.514661e+00	649.79	121.693679	4541	1.196e-02
300kHz_150dA_100Mss_bobN1C20028.txt	76.13	-95.68	149.83	14.15	57041.50	351.57	3.083021e+05	1.527399e+01	6.516261e+00	653.26	122.567231	4541	1.208e-02
300kHz_150dA_100Mss_bobN1C20029.txt	76.63	-93.68	150.43	13.86	57041.50	358.38	3.083021e+05	1.557858e+01	6.509812e+00	648.17	119.054819	4541	1.236e-02
300kHz_150dA_100Mss_bobN1C20030.txt	77.15	-91.93	149.52	13.56	57041.50	354.75	3.083021e+05	1.546708e+01	6.505804e+00	632.34	116.876723	4541	1.245e-02
300kHz_150dA_100Mss_bobN1C20031.txt	77.64	-91.05	153.22	13.89	57041.50	353.77	3.083021e+05	1.538935e+01	6.511041e+00	643.71	119.722962	4541	1.271e-02
300kHz_150dA_100Mss_bobN1C20032.txt	78.13	-89.96	150.85	13.85	57041.50	351.57	3.083021e+05	1.538870e+01	6.511782e+00	645.74	120.126682	4541	1.242e-02
300kHz_150dA_100Mss_bobN1C20033.txt	78.62	-88.29	154.51	13.73	57041.50	357.61	3.083021e+05	1.563143e+01	6.508687e+00	647.20	118.443137	4541	1.284e-02
300kHz_150dA_100Mss_bobN1C20034.txt	79.13	-86.58	154.91	13.60	57041.50	354.58	3.083021e+05	1.555631e+01	6.505934e+00	636.36	116.948379	4541	1.307e-02
300kHz_150dA_100Mss_bobN1C20035.txt	79.65	-84.92	155.82	13.35	57041.50	358.08	3.083021e+05	1.575327e+01	6.502464e+00	634.54	115.065540	4541	1.335e-02
300kHz_150dA_100Mss_bobN1C20036.txt	80.18	-83.01	157.18	13.34	57041.50	358.89	3.083021e+05	1.575652e+01	6.502379e+00	634.42	115.019672	4541	1.354e-02
300kHz_150dA_100Mss_bobN1C20037.txt	80.73	-80.59	157.56	13.46	57041.50	361.58	3.083021e+05	1.588551e+01	6.504268e+00	645.04	116.044702	4541	1.352e-02
300kHz_150dA_100Mss_bobN1C20038.txt	81.76	-77.27	162.81	13.41	57041.50	374.34	3.083021e+05	1.636123e+01	6.500727e+00	653.89	114.126052	4541	1.412e-02
300kHz_150dA_100Mss_bobN1C20039.txt	82.28	-75.90	161.19	13.19	57041.50	363.46	3.083021e+05	1.603755e+01	6.498459e+00	634.37	112.897369	4541	1.420e-02
300kHz_150dA_100Mss_bobN1C20040.txt	82.78	-74.65	163.67	13.21	57041.50	370.12	3.083021e+05	1.627123e+01	6.497468e+00	640.70	112.361278	4541	1.444e-02
300kHz_150dA_100Mss_bobN1C20041.txt	83.29	-73.37	163.60	13.01	57041.50	373.38	3.083021e+05	1.647390e+01	6.494709e+00	640.45	110.870543	4541	1.453e-02
300kHz_150dA_100Mss_bobN1C20042.txt	83.79	-72.12	164.18	13.07	57041.50	375.27	3.083021e+05	1.650875e+01	6.492896e+00	636.39	109.892045	4541	1.471e-02
300kHz_150dA_100Mss_bobN1C20043.txt	84.29	-70.93	162.91	12.84	57041.50	372.88	3.083021e+05	1.654571e+01	6.491808e+00	634.55	109.304075	4541	1.466e-02
300kHz_150dA_100Mss_bobN1C20044.txt	84.8	-69.76	167.14	12.89	57041.50	381.60	3.083021e+05	1.673938e+01	6.487574e+00	629.13	107.022444	4541	1.513e-02
300kHz_150dA_100Mss_bobN1C20045.txt	85.29	-68.37	166.58	12.75	57041.50	383.54	3.082343e+05	1.690437e+01	6.486488e+00	631.87	106.438665	4542	1.512e-02
300kHz_150dA_100Mss_bobN1C20046.txt	85.78	-66.80	166.36	12.63	57041.50	382.54	3.083021e+05	1.693170e+01	6.485305e+00	629.39	105.801474	4541	1.522e-02
300kHz_150dA_100Mss_bobN1C20047.txt	86.29	-65.52	165.91	12.54	57041.50	381.86	3.083021e+05	1.695134e+01	6.483017e+00	623.09	104.571145	4541	1.531e-02
300kHz_150dA_100Mss_bobN1C20048.txt	86.81	-64.48	166.68	12.70	57041.50	384.40	3.082343e+05	1.699320e+01	6.485405e+00	631.85	105.855933	4542	1.529e-02
300kHz_150dA_100Mss_bobN1C20049.txt	87.31	-63.51	166.67	12.46	57041.50	390.32	3.083021e+05	1.727100e+01	6.479950e+00	625.22	102.923781	4541	1.555e-02
300kHz_150dA_100Mss_bobN1C20050.txt	87.81	-62.56	168.87	12.50	57041.50	386.86	3.083021e+05	1.712134e+01	6.482776e+00	628.59	104.441789	4541	1.565e-02
300kHz_150dA_100Mss_bobN1C20051.txt	88.35	-61.57	167.87	12.46	57041.50	388.48	3.082343e+05	1.723078e+01	6.484739e+00	638.60	105.497881	4542	1.556e-02
300kHz_150dA_100Mss_bobN1C20052.txt	88.85	-60.67	169.81	12.49	57041.50	390.64	3.083021e+05	1.728970e+01	6.482982e+00	635.42	104.551866	4541	1.581e-02
300kHz_150dA_100Mss_bobN1C20053.txt	89.37	-59.77	167.91	12.17	57041.50	399.93	3.083021e+05	1.770619e+01	6.477640e+00	633.55	101.683908	4541	1.594e-02
300kHz_150dA_100Mss_bobN1C20054.txt	89.88	-58.90	170.48	12.27	57041.50	402.44	3.083021e+05	1.779152e+01	6.474927e+00	627.83	100.229255	4541	1.623e-02
300kHz_150dA_100Mss_bobN1C20055.txt	90.47	-58.70	169.88	12.26	57041.50	397.36	3.083021e+05	1.760333e+01	6.476558e+00	626.40	101.103577	4541	1.612e-02
300kHz_150dA_100Mss_bobN1C20056.txt	90.97	-58.70	170.67	11.91	57041.50	405.85	3.083021e+05	1.795564e+01	6.469919e+00	617.26	97.548637	4541	1.653e-02
300kHz_150dA_100Mss_bobN1C20057.txt	91.99	-56.23	172.15	12.08	57041.50	406.03	3.083021e+05	1.792956e+01	6.470748e+00	619.07	97.992341	4541	1.668e-02
300kHz_150dA_100Mss_bobN1C20058.txt	92.5	-55.40	168.36	11.77	57041.50	405.46	3.083021e+05	1.796374e+01	6.468196e+00	611.91	96.628232	4541	1.647e-02
300kHz_150dA_100Mss_bobN1C20059.txt	93.02	-54.57	171.54	11.69	57041.50	413.95	3.083021e+05	1.833710e+01	6.464736e+00	613.08	94.779760	4541	1.699e-02
300kHz_150dA_100Mss_bobN1C20060.txt	93.52	-53.87	169.97	11.60	57041.50	418.92	3.083021e+05	1.851798e+01	6.463291e+00	614.25	94.008858	4541	1.679e-02
300kHz_150dA_100Mss_bobN1C20061.txt	94.02	-53.19	172.77	11.73	57041.50	416.22	3.082343e+05	1.842533e+01	6.466976e+00	623.40	95.976283	4542	1.707e-02
300kHz_150dA_100Mss_bobN1C20062.txt	94.52	-52.84	172.95	11.69	57041.50	417.48	3.083021e+05	1.844757e+01	6.464803e+00	617.00	94.815849	4541	1.712e-02
300kHz_150dA_100Mss_bobN1C20063.txt	95.04	-52.44	174.07	11.83	57041.50	422.80	3.083021e+05	1.864663e+01	6.466303e+00	628.74	95.616532	4541	1.709e-02
300kHz_150dA_100Mss_bobN1C20064.txt	95.54	-51.74	173.04	11.51	57041.50	420.31	3.083021e+05	1.860966e+01	6.460914e+00	609.23	92.741726	4541	1.731e-02
300kHz_150dA_100Mss_bobN1C20065.txt	96.05	-51.04	168.92	11.41	57041.50	420.19	3.083021e+05	1.858510e+01	6.461168e+00	609.29	92.877477	4541	1.698e-02
300kHz_150dA_100Mss_bobN1C20066.txt	96.56	-50.37	175.72	11.52	57041.50	418.18	3.083021e+05	1.852993e+01	6.463505e+00	615.37	94.122301	4541	1.757e-02
300kHz_150dA_100Mss_bobN1C20067.txt	97.05	-49.74	174.39	11.47	57041.50	419.12	3.083021e+05	1.854863e+01	6.461570e+00	609.45	93.091166	4541	1.750e-02
300kHz_150dA_100Mss_bobN1C20068.txt	97.54	-49.15	174.00	11.46	57041.50	420.81	3.083021e+05	1.868025e+01	6.459967e+00	608.32	92.236790	4541	1.755e-02
300kHz_150dA_100Mss_bobN1C20069.txt	98.03	-48.56	173.73	11.14	57041.50	428.07	3.083021e+05	1.899466e+01	6.453899e+00	597.53	89.005733	4541	1.804e-02
300kHz_150dA_100Mss_bobN1C20070.txt	98.53	-47.91	172.10	11.18	57041.50	430.60	3.082343e+05	1.906155e+01	6.456093e+00	607.13	90.174050	4542	1.779e-02
300kHz_150dA_100Mss_bobN1C20071.txt	99.04	-47.26	173.70	11.07	57041.50	426.10	3.083021e+05	1.891148e+01	6.453553e+00	593.72	88.821969	4541	1.815e-02
300kHz_150dA_100Mss_bobN1C20072.txt	99.54	-46.71	174.70	11.12	57041.50	433.15	3.082343e+05	1.919832e+01	6.453880e+00	603.74	88.996919	4542	1.823e-02
300kHz_150dA_100Mss_bobN1C20073.txt	100.06	-46.13	174.83	11.01	57041.50	440.34	3.083021e+05	1.947284e+01	6.450034e+00	598.84	86.953574	4541	1.847e-02
300kHz_150dA_100Mss_bobN1C20074.txt	100.56	-45.58	175.14	11.05	57041.50	438.39	3.083021e+05	1.944357e+01	6.452033e+00	605.04	88.015565	4541	1.839e-02
300kHz_150dA_100Mss_bobN1C20075.txt	101.08	-44.96	175.47	10.86	57041.50	444.60	3.083021e+05	1.967729e+01	6.447084e+00	594.52	85.387138	4541	1.881e-02
300kHz_150dA_100Mss_bobN1C20076.txt	102.1	-43.30	179.02	11.09	57041.50	445.76	3.083021e+05	1.968976e+01	6.449751e+00	604.49	86.803388	4541	1.890e-02
300kHz_150dA_100Mss_bobN1C20077.txt	102.61	-42.79	176.83	10.74	57041.50	447.50	3.083021e+05	1.981587e+01	6.445671e+00	593.59	84.637828	4541	1.900e-02
300kHz_150dA_100Mss_bobN1C20078.txt	103.12	-42.28	178.66	10.82	57041.50	447.92	3.083021e+05	1.984188e+01	6.448064e+00	603.05	85.907348	4541	1.928e-02
300kHz_150dA_100Mss_bobN1C20079.txt	103.62	-41.78	180.03	10.97	57041.50	452.70	3.082343e+05	2.000783e+01	6.448539e+00	609.69	86.159356	4542	1.926e-02
300kHz_150dA_100Mss_bobN1C20080.txt	104.11	-41.30	181.15	10.72	57041.50	456.99	3.083021e+05	2.017166e+01	6.445141e+00	602.30	84.356852	4541	1.957e-02
300kHz_150dA_100Mss_bobN1C20081.txt	104.64	-40.82	179.16	10.58	57041.50	476.33	3.083021e+05	2.090928e+01	6.441944e+00	612.10	82.663799	4541	1.952e-02
300kHz_150dA_100Mss_bobN1C20082.txt	105.21	-40.40	181.37	10.69	57041.50	465.00	3.083021e+05	2.050928e+01	6.444872e+00	611.37	84.214726	4541	1.963e-02
300kHz_150dA_100Mss_bobN1C20083.txt	105.73	-40.14	183.26	10.84	57041.50	455.43	3.083021e+05	2.023273e+01	6.447527e+00	612.94	85.622780	4541	1.968e-02
300kHz_150dA_100Mss_bobN1C20084.txt	106.24	-39.76	185.32	10.78	57041.50	462.15	3.083021e+05	2.043620e+01	6.445015e+00	609.73	84.290847	4541	2.002e-02
300kHz_150dA_100Mss_bobN1C20085.txt	106.75	-39.25	186.32	10.69	57041.50	457.42	3.083021e+05	2.027386e+01	6.444678e+00	603.63	84.111697	4541	2.030e-02
300kHz_150dA_100Mss_bobN1C20086.txt	107.29	-38.77	185.28	10.47	57041.50	461.63	3.083021e+05	2.047441e+01	6.439060e+00	588.57	81.135659	4541	2.074e-02
300kHz_150dA_100Mss_bobN1C20087.txt	107.8	-38.36	186.83	10.59	57041.50	462.00	3.083021e+05	2.046928e+01	6.443775e+00	606.08	83.633317	4541	2.054e-02
300kHz_150dA_100Mss_bobN1C20088.txt	108.32	-37.94	185.40	10.53	57041.50	461.82	3.083021e+05	2.047923e+01	6.442376e+00	601.13	82.892199	4541	2.062e-02
300kHz_150dA_100Mss_bobN1C20089.txt	108.83	-37.54	189.30	10.58	57041.50	465.73	3.083021e+05	2.062546e+01	6.443473e+00	609.56	83.473692	4541	2.095e-02
300kHz_150dA_100Mss_bobN1C20090.txt	109.33	-36.97	189.62	10.62	57041.50	467.26	3.083021e+05	2.075291e+01	6.441906e+00	607.38	82.643530	4541	2.093e-02
300kHz_150dA_100Mss_bobN1C20091.txt	109.83	-36.32	191.20	10.45	57041.50	470.27	3.083021e+05	2.083737e+01	6.439096e+00	599.15	81.155910	4541	2.155e-02
300kHz_150dA_100Mss_bobN1C20092.txt	110.36	-35.96	191.97	10.46	57041.50	466.09	3.083021e+05	2.073699e+01	6.440431e+00	601.32	81.862034	4541	2.157e-02
300kHz_150dA_100Mss_bobN1C20093.txt	110.85	-35.76	193.46	10.45	57041.50	472.20	3.083021e+05	2.092818e+01	6.437920e+00	597.25	80.533955	4541	2.168e-02
300kHz_150dA_100Mss_bobN1C20094.txt	111.41	-35.33	189.20	10.14	57041.50	475.70	3.083021e+05	2.110088e+01	6.431171e+00	576.12	76.967283	4541	2.200e-02
300kHz_150dA_100Mss_bobN1C20095.txt	112.4	-34.56	199.52	10.44	57041.50	475.82	3.083021e+05	2.114497e+01	6.438958e+00	607.46	81.082905	4541	2.256e-02
300kHz_150dA_100Mss_bobN1C20096.txt	112.91	-34.25	198.12	10.30	57041.50	474.39	3.083021e+05	2.108735e+01	6.438061e+00	602.34	80.608220	4541	2.268e-02
300kHz_150dA_100Mss_bobN1C20097.txt	113.43	-33.81	198.72	10.33	57041.50	480.58	3.082343e+05	2.137667e+01	6.437709e+00	609.09	80.422478	4542	2.276e-02
300kHz_150dA_100Mss_bobN1C20098.txt	113.94	-33.35	200.98	10.30	57041.50	489.57	3.083021e+05	2.177803e+01	6.435775e+00	612.96	79.400102	4541	2.306e-02
300kHz_150dA_100Mss_bobN1C20099.txt	114.46	-32.98	202.30	10.30	57041.50	485.79	3.082343e+05	2.161294e+01	6.435823e+00	608.37	79.425467	4542	2.334e-02
300kHz_150dA_100Mss_bobN1C20100.txt	114.99	-32.61	200.91	10.17	57041.50	484.35	3.083021e+05	2.154071e+01	6.436658e+00	609.76	79.866783	4541	2.341e-02
300kHz_150dA_100Mss_bobN1C20101.txt	115.48	-32.17	204.97	10.24	57041.50	487.41	3.083021e+05	2.168213e+01	6.437089e+00	615.48	80.094781	4541	2.379e-02
300kHz_150dA_100Mss_bobN1C20102.txt	115.99	-31.71	205.53	10.33	57041.50	482.26	3.083021e+05	2.156021e+01	6.439470e+00	621.41	81.354432	4541	2.369e-02
300kHz_150dA_100Mss_bobN1C20103.txt	116.49	-31.36	209.28	10.32	57041.50	490.48	3.083021e+05	2.185913e+01	6.437366e+00	621.61	80.241769	4541	2.413e-02
300kHz_150dA_100Mss_bobN1C20104.txt	117.0	-31.00	212.25	10.40	57041.50	490.44	3.083021e+05	2.186376e+01	6.437658e+00	622.91	80.395607	4541	2.448e-02
300kHz_150dA_100Mss_bobN1C20105.txt	117.5	-30.50	210.67	10.18	57041.50	493.56	3.083021e+05	2.204805e+01	6.433078e+00	609.68	77.975193	4541	2.485e-02
300kHz_150dA_100Mss_bobN1C20106.txt	117.98	-30.02	212.87	10.31	57041.50	491.13	3.083021e+05	2.196061e+01	6.437856e+00	626.46	80.500431	4541	2.481e-02
300kHz_150dA_100Mss_bobN1C20107.txt	118.47	-29.67	213.51	10.30	57041.50	492.01	3.083021e+05	2.204092e+01	6.434437e+00	614.96	78.693021	4541	2.501e-02
300kHz_150dA_100Mss_bobN1C20108.txt	118.99	-29.31	213.44	10.24	57041.50	491.37	3.083021e+05	2.196079e+01	6.434957e+00	614.82	78.968259	4541	2.524e-02
300kHz_150dA_100Mss_bobN1C20109.txt	119.5	-29.00	219.20	10.42	57041.50	489.89	3.083021e+05	2.196900e+01	6.438377e+00	628.80	80.776497	4541	2.556e-02
300kHz_150dA_100Mss_bobN1C20110.txt	120.01	-28.69	221.81	10.37	57041.50	495.85	3.083021e+05	2.220725e+01	6.436162e+00	626.61	79.604674	4541	2.595e-02
300kHz_150dA_100Mss_bobN1C20111.txt	120.53	-28.28	220.51	10.28	57041.50	503.52	3.083021e+05	2.244481e+01	6.438361e+00	642.35	80.767739	4541	2.604e-02
300kHz_150dA_100Mss_bobN1C20112.txt	121.04	-27.87	225.31	10.36	57041.50	498.10	3.082343e+05	2.234877e+01	6.438556e+00	640.26	80.870749	4542	2.662e-02
300kHz_150dA_100Mss_bobN1C20113.txt	121.55	-27.52	227.06	10.33	57041.50	506.54	3.083021e+05	2.268777e+01	6.435398e+00	637.00	79.200818	4541	2.687e-02
300kHz_150dA_100Mss_bobN1C20114.txt	122.58	-26.85	229.36	10.42	57041.50	505.67	3.082343e+05	2.269924e+01	6.437599e+00	646.32	80.364774	4542	2.719e-02
300kHz_150dA_100Mss_bobN1C20115.txt	123.09	-26.54	231.41	10.30	57041.50	510.64	3.083021e+05	2.294905e+01	6.432275e+00	631.21	77.550664	4541	2.787e-02
300kHz_150dA_100Mss_bobN1C20116.txt	123.61	-26.17	235.78	10.26	57041.50	516.75	3.083021e+05	2.319231e+01	6.432242e+00	637.77	77.533171	4541	2.859e-02
300kHz_150dA_100Mss_bobN1C20117.txt	124.12	-25.82	238.05	10.35	57041.50	514.59	3.083021e+05	2.305828e+01	6.435499e+00	647.83	79.254034	4541	2.859e-02
300kHz_150dA_100Mss_bobN1C20118.txt	124.62	-25.47	237.72	10.41	57041.50	513.05	3.082343e+05	2.310104e+01	6.433630e+00	640.98	78.266676	4542	2.868e-02
300kHz_150dA_100Mss_bobN1C20119.txt	125.12	-25.10	241.28	10.45	57041.50	511.00	3.083021e+05	2.296027e+01	6.436041e+00	647.35	79.540572	4541	2.896e-02
300kHz_150dA_100Mss_bobN1C20120.txt	125.62	-24.70	241.90	10.33	57041.50	519.63	3.083021e+05	2.340835e+01	6.431366e+00	639.95	77.071164	4541	2.945e-02
300kHz_150dA_100Mss_bobN1C20121.txt	126.14	-24.32	246.60	10.50	57041.50	518.67	3.083021e+05	2.330417e+01	6.437213e+00	662.04	80.160275	4541	2.980e-02
300kHz_150dA_100Mss_bobN1C20122.txt	126.63	-24.02	244.61	10.46	57041.50	518.95	3.083021e+05	2.335987e+01	6.434658e+00	652.71	78.810474	4541	2.954e-02
300kHz_150dA_100Mss_bobN1C20123.txt	127.14	-23.72	246.46	10.46	57041.50	517.23	3.083021e+05	2.329653e+01	6.435565e+00	654.80	79.288813	4541	3.016e-02
300kHz_150dA_100Mss_bobN1C20124.txt	127.65	-23.41	250.15	10.53	57041.50	514.53	3.083021e+05	2.327271e+01	6.436448e+00	657.89	79.755536	4541	3.050e-02
300kHz_150dA_100Mss_bobN1C20125.txt	128.16	-23.12	252.39	10.43	57041.50	535.99	3.083021e+05	2.405386e+01	6.431729e+00	659.20	77.262626	4541	3.090e-02
300kHz_150dA_100Mss_bobN1C20126.txt	128.67	-22.87	254.37	10.59	57041.50	520.96	3.083021e+05	2.351669e+01	6.436646e+00	665.65	79.860278	4541	3.105e-02
300kHz_150dA_100Mss_bobN1C20127.txt	129.17	-22.60	253.93	10.49	57041.50	530.65	3.083021e+05	2.386524e+01	6.434532e+00	666.28	78.742892	4541	3.129e-02
300kHz_150dA_100Mss_bobN1C20128.txt	129.67	-22.30	256.18	10.49	57041.50	533.18	3.082343e+05	2.402900e+01	6.433104e+00	664.42	77.988192	4542	3.146e-02
300kHz_150dA_100Mss_bobN1C20129.txt	130.17	-21.96	256.26	10.55	57041.50	529.57	3.083021e+05	2.379001e+01	6.437541e+00	677.27	80.333453	4541	3.104e-02
300kHz_150dA_100Mss_bobN1C20130.txt	130.68	-21.56	258.66	10.54	57041.50	529.22	3.083021e+05	2.384343e+01	6.436509e+00	674.30	79.787704	4541	3.178e-02
300kHz_150dA_100Mss_bobN1C20131.txt	131.19	-21.20	262.51	10.64	57041.50	536.22	3.083021e+05	2.414378e+01	6.434699e+00	674.79	78.831302	4541	3.247e-02
300kHz_150dA_100Mss_bobN1C20132.txt	131.79	-20.91	262.59	10.73	57041.50	531.83	3.083021e+05	2.404979e+01	6.438032e+00	686.83	80.593201	4541	3.227e-02
300kHz_150dA_100Mss_bobN1C20133.txt	132.81	-20.40	263.97	10.75	57041.50	528.51	3.083021e+05	2.393185e+01	6.438332e+00	684.78	80.751195	4541	3.256e-02
300kHz_150dA_100Mss_bobN1C20134.txt	133.31	-20.30	264.48	10.60	57041.50	536.24	3.083021e+05	2.422964e+01	6.434962e+00	678.36	78.969644	4541	3.275e-02
300kHz_150dA_100Mss_bobN1C20135.txt	133.82	-20.30	264.00	10.63	57041.50	530.77	3.082343e+05	2.394763e+01	6.438484e+00	685.74	80.831833	4542	3.216e-02
300kHz_150dA_100Mss_bobN1C20136.txt	134.31	-19.99	265.76	10.75	57041.50	533.54	3.082343e+05	2.410358e+01	6.438978e+00	692.39	81.093531	4542	3.250e-02
300kHz_150dA_100Mss_bobN1C20137.txt	134.81	-19.49	266.03	10.77	57041.50	535.76	3.083021e+05	2.417910e+01	6.438589e+00	692.99	80.887704	4541	3.237e-02
300kHz_150dA_100Mss_bobN1C20138.txt	135.31	-19.30	266.53	10.70	57041.50	532.64	3.083021e+05	2.410210e+01	6.437858e+00	687.56	80.500497	4541	3.300e-02
300kHz_150dA_100Mss_bobN1C20139.txt	135.83	-19.30	271.20	10.75	57041.50	535.95	3.083021e+05	2.423285e+01	6.438760e+00	695.29	80.978360	4541	3.308e-02
300kHz_150dA_100Mss_bobN1C20140.txt	136.35	-18.99	269.47	10.73	57041.50	537.19	3.083021e+05	2.431073e+01	6.436822e+00	688.90	79.952893	4541	3.297e-02
300kHz_150dA_100Mss_bobN1C20141.txt	136.85	-18.54	271.71	10.76	57041.50	534.30	3.083021e+05	2.420125e+01	6.438471e+00	693.10	80.824855	4541	3.348e-02
300kHz_150dA_100Mss_bobN1C20142.txt	137.35	-18.40	270.47	10.83	57041.50	535.80	3.083021e+05	2.426946e+01	6.438768e+00	696.38	80.982533	4541	3.285e-02
300kHz_150dA_100Mss_bobN1C20143.txt	137.86	-18.40	269.08	10.61	57041.50	540.03	3.083021e+05	2.438981e+01	6.434306e+00	679.91	78.623016	4541	3.363e-02
300kHz_150dA_100Mss_bobN1C20144.txt	138.37	-18.21	269.86	10.64	57041.50	541.59	3.083021e+05	2.445254e+01	6.434389e+00	682.03	78.666424	4541	3.321e-02
300kHz_150dA_100Mss_bobN1C20145.txt	138.87	-17.96	273.18	10.89	57041.50	540.88	3.083021e+05	2.444773e+01	6.441130e+00	712.05	82.233032	4541	3.316e-02
300kHz_150dA_100Mss_bobN1C20146.txt	139.38	-17.67	270.12	10.66	57041.50	544.60	3.083021e+05	2.454967e+01	6.435072e+00	687.81	79.028272	4541	3.315e-02
300kHz_150dA_100Mss_bobN1C20147.txt	139.88	-17.37	271.83	10.69	57041.50	541.58	3.083021e+05	2.446391e+01	6.437291e+00	695.34	80.200700	4541	3.319e-02
300kHz_150dA_100Mss_bobN1C20148.txt	140.39	-17.14	272.65	10.72	57041.50	545.14	3.083021e+05	2.465270e+01	6.435423e+00	692.28	79.213102	4541	3.332e-02
300kHz_150dA_100Mss_bobN1C20149.txt	140.91	-16.94	269.10	10.56	57041.50	546.38	3.083021e+05	2.463024e+01	6.433907e+00	684.81	78.411484	4541	3.335e-02
300kHz_150dA_100Mss_bobN1C20150.txt	141.41	-16.70	272.64	10.73	57041.50	550.33	3.083021e+05	2.486143e+01	6.437237e+00	706.40	80.172569	4541	3.314e-02
300kHz_150dA_100Mss_bobN1C20151.txt	141.92	-16.44	270.81	10.59	57041.50	556.17	3.083021e+05	2.506078e+01	6.432359e+00	689.68	77.594680	4541	3.337e-02
300kHz_150dA_100Mss_bobN1C20152.txt	142.93	-16.03	271.07	10.72	57041.50	536.54	3.082343e+05	2.436314e+01	6.435522e+00	684.44	79.265404	4542	3.314e-02
300kHz_150dA_100Mss_bobN1C20153.txt	143.43	-15.83	271.96	10.63	57041.50	548.06	3.083021e+05	2.480313e+01	6.432548e+00	683.45	77.694660	4541	3.341e-02
300kHz_150dA_100Mss_bobN1C20154.txt	143.94	-15.62	273.19	10.59	57041.50	564.50	3.083021e+05	2.535556e+01	6.433574e+00	703.44	78.236706	4541	3.352e-02
300kHz_150dA_100Mss_bobN1C20155.txt	144.45	-15.47	273.13	10.71	57041.50	563.59	3.083021e+05	2.538713e+01	6.433124e+00	702.22	77.999151	4541	3.318e-02
300kHz_150dA_100Mss_bobN1C20156.txt	144.95	-15.32	271.44	10.60	57041.50	551.39	3.083021e+05	2.487181e+01	6.434394e+00	693.75	78.669202	4541	3.325e-02
300kHz_150dA_100Mss_bobN1C20157.txt	145.45	-15.12	272.07	10.75	57041.50	540.50	3.083021e+05	2.451435e+01	6.438206e+00	700.88	80.684773	4541	3.319e-02
300kHz_150dA_100Mss_bobN1C20158.txt	145.97	-14.91	269.67	10.60	57041.50	546.81	3.083021e+05	2.471988e+01	6.434654e+00	690.69	78.807043	4541	3.290e-02
300kHz_150dA_100Mss_bobN1C20159.txt	146.47	-14.81	272.81	10.71	57041.50	542.24	3.083021e+05	2.455635e+01	6.436790e+00	695.72	79.935957	4541	3.326e-02
300kHz_150dA_100Mss_bobN1C20160.txt	146.98	-14.70	269.73	10.64	57041.50	541.40	3.083021e+05	2.454930e+01	6.433468e+00	680.59	78.180403	4541	3.317e-02
300kHz_150dA_100Mss_bobN1C20161.txt	147.48	-14.46	269.02	10.65	57041.50	542.09	3.083021e+05	2.452388e+01	6.436345e+00	692.80	79.700770	4541	3.255e-02
300kHz_150dA_100Mss_bobN1C20162.txt	148.0	-14.20	267.42	10.52	57041.50	546.59	3.083021e+05	2.467538e+01	6.432899e+00	681.52	77.879576	4541	3.274e-02
300kHz_150dA_100Mss_bobN1C20163.txt	148.51	-14.10	264.57	10.42	57041.50	544.60	3.083021e+05	2.456603e+01	6.430054e+00	665.69	76.377687	4541	3.268e-02
300kHz_150dA_100Mss_bobN1C20164.txt	149.01	-14.00	270.63	10.54	57041.50	546.45	3.083021e+05	2.465611e+01	6.434749e+00	689.34	78.857039	4541	3.293e-02
300kHz_150dA_100Mss_bobN1C20165.txt	149.52	-13.79	267.20	10.50	57041.50	542.79	3.083021e+05	2.453863e+01	6.432786e+00	677.23	77.819786	4541	3.266e-02
300kHz_150dA_100Mss_bobN1C20166.txt	150.02	-13.59	268.25	10.44	57041.50	551.68	3.083021e+05	2.489097e+01	6.431065e+00	679.11	76.911385	4541	3.267e-02
300kHz_150dA_100Mss_bobN1C20167.txt	150.55	-13.38	265.82	10.37	57041.50	547.69	3.083021e+05	2.464594e+01	6.430905e+00	671.70	76.827303	4541	3.251e-02
300kHz_150dA_100Mss_bobN1C20168.txt	151.07	-13.18	265.74	10.53	57041.50	539.56	3.083021e+05	2.446260e+01	6.432750e+00	674.97	77.801550	4541	3.199e-02
300kHz_150dA_100Mss_bobN1C20169.txt	151.58	-13.03	265.92	10.45	57041.50	541.21	3.083021e+05	2.453955e+01	6.430785e+00	668.27	76.763897	4541	3.226e-02
300kHz_150dA_100Mss_bobN1C20170.txt	152.09	-12.85	264.82	10.43	57041.50	544.21	3.083021e+05	2.463568e+01	6.429088e+00	663.22	75.868323	4541	3.213e-02
300kHz_150dA_100Mss_bobN1C20171.txt	153.13	-12.20	264.70	10.38	57041.50	544.99	3.083021e+05	2.459987e+01	6.430148e+00	667.04	76.427344	4541	3.241e-02
300kHz_150dA_100Mss_bobN1C20172.txt	153.64	-11.79	263.44	10.36	57041.50	541.62	3.083021e+05	2.452600e+01	6.429347e+00	661.44	76.005331	4541	3.235e-02
300kHz_150dA_100Mss_bobN1C20173.txt	154.15	-11.38	262.51	10.27	57041.50	548.45	3.083021e+05	2.471744e+01	6.429624e+00	667.85	76.151195	4541	3.214e-02
300kHz_150dA_100Mss_bobN1C20174.txt	154.65	-10.98	264.32	10.39	57041.50	541.75	3.083021e+05	2.453840e+01	6.430818e+00	668.38	76.780796	4541	3.194e-02
300kHz_150dA_100Mss_bobN1C20175.txt	155.17	-10.55	260.81	10.23	57041.50	541.76	3.083021e+05	2.446433e+01	6.429802e+00	661.81	76.245319	4541	3.192e-02
300kHz_150dA_100Mss_bobN1C20176.txt	155.68	-10.09	260.68	10.27	57041.50	544.22	3.083021e+05	2.457895e+01	6.429562e+00	663.83	76.118649	4541	3.182e-02
300kHz_150dA_100Mss_bobN1C20177.txt	156.17	-9.66	263.82	10.27	57041.50	550.17	3.083021e+05	2.480455e+01	6.429389e+00	669.14	76.027239	4541	3.216e-02
300kHz_150dA_100Mss_bobN1C20178.txt	156.7	-9.24	260.70	10.16	57041.50	548.67	3.083021e+05	2.472501e+01	6.426437e+00	653.62	74.470403	4541	3.228e-02
300kHz_150dA_100Mss_bobN1C20179.txt	157.19	-8.83	259.07	10.23	57041.50	549.22	3.083021e+05	2.475165e+01	6.428241e+00	662.51	75.422010	4541	3.179e-02
300kHz_150dA_100Mss_bobN1C20180.txt	157.69	-8.38	260.88	10.18	57041.50	545.27	3.083021e+05	2.464715e+01	6.428261e+00	659.80	75.431961	4541	3.203e-02
300kHz_150dA_100Mss_bobN1C20181.txt	158.19	-7.83	260.44	10.18	57041.50	550.27	3.083021e+05	2.487347e+01	6.426038e+00	655.72	74.260759	4541	3.215e-02
300kHz_150dA_100Mss_bobN1C20182.txt	158.71	-7.11	260.13	10.25	57041.50	539.70	3.083021e+05	2.443027e+01	6.428384e+00	654.54	75.497265	4541	3.177e-02
300kHz_150dA_100Mss_bobN1C20183.txt	159.21	-6.53	257.77	10.13	57041.50	544.07	3.083021e+05	2.460750e+01	6.425058e+00	644.29	73.744191	4541	3.187e-02
300kHz_150dA_100Mss_bobN1C20184.txt	159.74	-6.11	256.19	10.07	57041.50	545.84	3.083021e+05	2.462421e+01	6.425822e+00	648.18	74.146672	4541	3.175e-02
300kHz_150dA_100Mss_bobN1C20185.txt	160.28	-5.68	258.32	10.08	57041.50	550.42	3.083021e+05	2.487775e+01	6.422976e+00	641.87	72.647726	4541	3.200e-02
300kHz_150dA_100Mss_bobN1C20186.txt	160.78	-5.28	257.69	10.04	57041.50	549.40	3.083021e+05	2.473174e+01	6.424287e+00	644.05	73.338182	4541	3.204e-02
300kHz_150dA_100Mss_bobN1C20187.txt	161.3	-4.86	255.95	10.05	57041.50	545.48	3.083021e+05	2.461247e+01	6.424247e+00	640.76	73.317726	4541	3.172e-02
300kHz_150dA_100Mss_bobN1C20188.txt	161.81	-4.45	256.22	9.95	57041.50	553.91	3.083021e+05	2.493926e+01	6.422686e+00	642.13	72.495529	4541	3.217e-02
300kHz_150dA_100Mss_bobN1C20189.txt	162.33	-4.00	255.77	9.96	57041.50	550.72	3.083021e+05	2.487402e+01	6.421907e+00	636.90	72.084884	4541	3.194e-02
300kHz_150dA_100Mss_bobN1C20190.txt	163.36	-3.11	255.57	10.02	57041.50	550.05	3.083021e+05	2.481476e+01	6.424635e+00	647.80	73.521935	4541	3.178e-02
300kHz_150dA_100Mss_bobN1C20191.txt	163.89	-2.69	255.10	9.87	57041.50	548.15	3.083021e+05	2.477364e+01	6.420929e+00	629.89	71.569982	4541	3.213e-02
300kHz_150dA_100Mss_bobN1C20192.txt	164.41	-2.44	251.20	9.67	57041.50	554.89	3.083021e+05	2.493878e+01	6.417192e+00	616.99	69.603860	4541	3.235e-02
300kHz_150dA_100Mss_bobN1C20193.txt	164.93	-2.23	253.95	9.82	57041.50	548.08	3.083021e+05	2.476352e+01	6.420440e+00	627.41	71.312542	4541	3.225e-02
300kHz_150dA_100Mss_bobN1C20194.txt	165.44	-1.85	254.31	9.81	57041.50	547.62	3.083021e+05	2.475845e+01	6.420961e+00	629.65	71.586599	4541	3.227e-02
300kHz_150dA_100Mss_bobN1C20195.txt	166.06	-1.35	252.51	9.78	57041.50	559.98	3.082343e+05	2.518074e+01	6.419532e+00	633.65	70.835048	4542	3.182e-02
300kHz_150dA_100Mss_bobN1C20196.txt	166.59	-0.93	254.17	9.81	57041.50	551.62	3.083021e+05	2.489155e+01	6.418983e+00	624.00	70.546276	4541	3.211e-02
300kHz_150dA_100Mss_bobN1C20197.txt	167.08	-0.54	251.13	9.78	57041.50	555.20	3.083021e+05	2.492109e+01	6.421200e+00	634.87	71.712958	4541	3.143e-02
300kHz_150dA_100Mss_bobN1C20198.txt	167.6	-0.12	251.88	9.75	57041.50	555.68	3.083021e+05	2.501856e+01	6.417760e+00	621.57	69.903466	4541	3.209e-02
300kHz_150dA_100Mss_bobN1C20199.txt	168.11	0.28	249.68	9.72	57041.50	551.89	3.083021e+05	2.484069e+01	6.418744e+00	621.63	70.420549	4541	3.187e-02
300kHz_150dA_100Mss_bobN1C20200.txt	168.62	0.63	248.47	9.62	57041.50	556.10	3.082343e+05	2.495929e+01	6.417621e+00	619.32	69.830298	4542	3.173e-02
300kHz_150dA_100Mss_bobN1C20201.txt	169.13	0.99	251.87	9.72	57041.50	553.19	3.083021e+05	2.496539e+01	6.417148e+00	617.44	69.581471	4541	3.209e-02
300kHz_150dA_100Mss_bobN1C20202.txt	169.65	1.36	248.42	9.64	57041.50	557.82	3.083021e+05	2.508779e+01	6.416652e+00	618.19	69.320817	4541	3.153e-02
300kHz_150dA_100Mss_bobN1C20203.txt	170.15	1.72	249.09	9.64	57041.50	555.14	3.083021e+05	2.498335e+01	6.416583e+00	615.30	69.284724	4541	3.165e-02
300kHz_150dA_100Mss_bobN1C20204.txt	170.66	2.13	250.28	9.63	57041.50	561.44	3.083021e+05	2.527224e+01	6.416046e+00	619.92	69.001842	4541	3.178e-02
300kHz_150dA_100Mss_bobN1C20205.txt	171.15	2.54	248.53	9.46	57041.50	565.35	3.083021e+05	2.538485e+01	6.410147e+00	595.19	65.903818	4541	3.226e-02
300kHz_150dA_100Mss_bobN1C20206.txt	171.66	2.99	251.40	9.54	57041.50	574.41	3.083021e+05	2.564584e+01	6.413491e+00	617.06	67.660203	4541	3.217e-02
300kHz_150dA_100Mss_bobN1C20207.txt	172.16	3.41	246.69	9.49	57041.50	572.83	3.083021e+05	2.567282e+01	6.412567e+00	613.35	67.174538	4541	3.179e-02
300kHz_150dA_100Mss_bobN1C20208.txt	172.68	3.78	248.62	9.54	57041.50	568.75	3.083021e+05	2.554885e+01	6.413955e+00	616.90	67.903612	4541	3.172e-02
300kHz_150dA_100Mss_bobN1C20209.txt	173.67	4.40	248.67	9.54	57041.50	558.82	3.083021e+05	2.514899e+01	6.413313e+00	604.28	67.566175	4541	3.177e-02
300kHz_150dA_100Mss_bobN1C20210.txt	174.29	4.83	246.85	9.41	57041.50	572.94	3.083021e+05	2.567769e+01	6.411221e+00	607.12	66.467509	4541	3.197e-02
300kHz_150dA_100Mss_bobN1C20211.txt	174.79	5.23	242.44	9.39	57041.50	566.16	3.083021e+05	2.535835e+01	6.411860e+00	602.55	66.803591	4541	3.147e-02
300kHz_150dA_100Mss_bobN1C20212.txt	175.3	5.58	245.08	9.32	57041.50	576.75	3.083021e+05	2.580141e+01	6.409483e+00	601.81	65.555569	4541	3.166e-02
300kHz_150dA_100Mss_bobN1C20213.txt	175.82	5.89	242.35	9.26	57041.50	572.72	3.083021e+05	2.562360e+01	6.407474e+00	588.20	64.501707	4541	3.163e-02
300kHz_150dA_100Mss_bobN1C20214.txt	176.32	6.19	244.90	9.36	57041.50	563.11	3.083021e+05	2.524443e+01	6.413145e+00	605.80	67.478138	4541	3.173e-02
300kHz_150dA_100Mss_bobN1C20215.txt	176.83	6.50	245.53	9.38	57041.50	563.83	3.083021e+05	2.535520e+01	6.410290e+00	595.16	65.978859	4541	3.189e-02
300kHz_150dA_100Mss_bobN1C20216.txt	177.34	6.80	244.81	9.35	57041.50	560.47	3.083021e+05	2.520623e+01	6.410906e+00	594.52	66.302479	4541	3.160e-02
300kHz_150dA_100Mss_bobN1C20217.txt	177.84	7.10	244.80	9.36	57041.50	559.37	3.083021e+05	2.518834e+01	6.409443e+00	587.32	65.534678	4541	3.153e-02
300kHz_150dA_100Mss_bobN1C20218.txt	178.34	7.40	243.58	9.32	57041.50	564.58	3.083021e+05	2.537606e+01	6.409335e+00	591.20	65.478137	4541	3.139e-02
300kHz_150dA_100Mss_bobN1C20219.txt	178.85	7.71	243.24	9.29	57041.50	556.72	3.083021e+05	2.506099e+01	6.408753e+00	581.18	65.172614	4541	3.166e-02
300kHz_150dA_100Mss_bobN1C20220.txt	179.37	7.91	241.43	9.29	57041.50	562.14	3.083021e+05	2.524778e+01	6.409097e+00	587.10	65.353236	4541	3.140e-02
300kHz_150dA_100Mss_bobN1C20221.txt	179.89	8.07	242.31	9.26	57041.50	562.45	3.083021e+05	2.523573e+01	6.409603e+00	589.17	65.618795	4541	3.140e-02
300kHz_150dA_100Mss_bobN1C20222.txt	180.42	8.39	242.21	9.30	57041.50	559.28	3.083021e+05	2.516922e+01	6.408719e+00	583.53	65.155407	4541	3.136e-02
300kHz_150dA_100Mss_bobN1C20223.txt	180.94	8.76	237.00	9.05	57041.50	567.53	3.083021e+05	2.537159e+01	6.403509e+00	563.93	62.423605	4541	3.159e-02
300kHz_150dA_100Mss_bobN1C20224.txt	181.45	9.16	239.75	9.17	57041.50	563.65	3.083021e+05	2.524118e+01	6.408563e+00	584.48	65.073377	4541	3.131e-02
300kHz_150dA_100Mss_bobN1C20225.txt	181.94	9.55	240.23	9.15	57041.50	571.24	3.083021e+05	2.556798e+01	6.406697e+00	583.28	64.094663	4541	3.157e-02
300kHz_150dA_100Mss_bobN1C20226.txt	182.46	9.88	238.98	9.13	57041.50	565.68	3.083021e+05	2.536056e+01	6.405178e+00	571.47	63.298637	4541	3.148e-02
300kHz_150dA_100Mss_bobN1C20227.txt	182.98	10.19	237.03	9.08	57041.50	563.50	3.083021e+05	2.519142e+01	6.405097e+00	567.28	63.256580	4541	3.140e-02
300kHz_150dA_100Mss_bobN1C20228.txt	184.03	10.72	239.50	9.15	57041.50	564.38	3.083021e+05	2.530157e+01	6.406019e+00	574.05	63.739406	4541	3.144e-02
300kHz_150dA_100Mss_bobN1C20229.txt	184.52	11.01	236.19	9.12	57041.50	563.13	3.082343e+05	2.523559e+01	6.406845e+00	576.25	64.172470	4542	3.117e-02
300kHz_150dA_100Mss_bobN1C20230.txt	185.05	11.33	237.05	9.03	57041.50	565.03	3.083021e+05	2.531025e+01	6.403908e+00	564.42	62.632902	4541	3.160e-02
300kHz_150dA_100Mss_bobN1C20231.txt	185.56	11.64	237.05	9.05	57041.50	565.86	3.083021e+05	2.535919e+01	6.403439e+00	563.33	62.387408	4541	3.156e-02
300kHz_150dA_100Mss_bobN1C20232.txt	186.07	11.93	236.81	9.10	57041.50	559.04	3.083021e+05	2.512723e+01	6.404431e+00	562.76	62.906806	4541	3.130e-02
300kHz_150dA_100Mss_bobN1C20233.txt	186.59	12.20	234.11	9.02	57041.50	561.19	3.082343e+05	2.517749e+01	6.403369e+00	558.84	62.350692	4542	3.129e-02
300kHz_150dA_100Mss_bobN1C20234.txt	187.11	12.43	237.02	9.07	57041.50	567.29	3.083021e+05	2.543424e+01	6.403918e+00	567.23	62.637933	4541	3.145e-02
300kHz_150dA_100Mss_bobN1C20235.txt	187.62	12.59	235.91	9.01	57041.50	565.73	3.083021e+05	2.533945e+01	6.403229e+00	561.91	62.277119	4541	3.149e-02
300kHz_150dA_100Mss_bobN1C20236.txt	188.14	12.77	232.19	8.85	57041.50	562.53	3.083021e+05	2.515780e+01	6.400547e+00	545.47	60.872082	4541	3.163e-02
300kHz_150dA_100Mss_bobN1C20237.txt	188.64	13.02	232.19	8.94	57041.50	567.61	3.083021e+05	2.541428e+01	6.400967e+00	553.00	61.092476	4541	3.125e-02
300kHz_150dA_100Mss_bobN1C20238.txt	189.14	13.27	234.33	9.02	57041.50	565.54	3.083021e+05	2.532625e+01	6.404095e+00	565.65	62.730996	4541	3.118e-02
300kHz_150dA_100Mss_bobN1C20239.txt	189.66	13.53	234.20	8.93	57041.50	561.56	3.083021e+05	2.511961e+01	6.402571e+00	554.00	61.932349	4541	3.139e-02
300kHz_150dA_100Mss_bobN1C20240.txt	190.19	13.79	233.59	8.92	57041.50	564.53	3.083021e+05	2.529504e+01	6.400782e+00	549.54	60.995204	4541	3.152e-02
300kHz_150dA_100Mss_bobN1C20241.txt	190.71	14.06	233.63	8.93	57041.50	561.65	3.083021e+05	2.515970e+01	6.402493e+00	554.52	61.891895	4541	3.148e-02
300kHz_150dA_100Mss_bobN1C20242.txt	191.23	14.34	230.83	8.86	57041.50	560.59	3.083021e+05	2.510138e+01	6.401790e+00	549.99	61.523787	4541	3.126e-02
300kHz_150dA_100Mss_bobN1C20243.txt	191.75	14.65	230.11	8.85	57041.50	566.84	3.083021e+05	2.538438e+01	6.399923e+00	547.48	60.546157	4541	3.115e-02
300kHz_150dA_100Mss_bobN1C20244.txt	192.27	14.94	232.12	8.99	57041.50	558.30	3.083021e+05	2.510910e+01	6.401404e+00	548.38	61.321235	4541	3.103e-02
300kHz_150dA_100Mss_bobN1C20245.txt	192.8	15.20	232.09	8.92	57041.50	560.75	3.083021e+05	2.514657e+01	6.403511e+00	558.94	62.425038	4541	3.122e-02
300kHz_150dA_100Mss_bobN1C20246.txt	193.34	15.47	229.59	8.85	57041.50	562.50	3.083021e+05	2.517228e+01	6.400229e+00	544.32	60.706460	4541	3.112e-02
300kHz_150dA_100Mss_bobN1C20247.txt	194.4	16.00	230.21	8.76	57041.50	570.77	3.083021e+05	2.548187e+01	6.398571e+00	543.24	59.838733	4541	3.143e-02
300kHz_150dA_100Mss_bobN1C20248.txt	194.92	16.26	231.25	8.81	57041.50	562.29	3.083021e+05	2.511107e+01	6.401288e+00	547.88	61.260571	4541	3.150e-02
300kHz_150dA_100Mss_bobN1C20249.txt	195.45	16.52	230.69	8.84	57041.50	558.83	3.083021e+05	2.505351e+01	6.399746e+00	539.53	60.453680	4541	3.138e-02
300kHz_150dA_100Mss_bobN1C20250.txt	195.98	16.79	229.45	8.79	57041.50	560.51	3.083021e+05	2.509355e+01	6.398511e+00	534.69	59.807045	4541	3.132e-02
300kHz_150dA_100Mss_bobN1C20251.txt	196.55	17.02	229.79	8.83	57041.50	562.54	3.083021e+05	2.515896e+01	6.400458e+00	545.09	60.826382	4541	3.116e-02
300kHz_150dA_100Mss_bobN1C20252.txt	197.05	17.23	229.18	8.82	57041.50	562.29	3.083021e+05	2.519589e+01	6.398633e+00	537.43	59.871575	4541	3.114e-02
300kHz_150dA_100Mss_bobN1C20253.txt	197.55	17.48	227.50	8.83	57041.50	561.15	3.083021e+05	2.509686e+01	6.397617e+00	530.63	59.340312	4541	3.092e-02
300kHz_150dA_100Mss_bobN1C20254.txt	198.07	17.73	224.44	8.62	57041.50	574.40	3.082343e+05	2.558799e+01	6.393943e+00	523.60	57.418989	4542	3.096e-02
300kHz_150dA_100Mss_bobN1C20255.txt	198.58	17.99	227.33	8.72	57041.50	569.53	3.083021e+05	2.537831e+01	6.397774e+00	537.32	59.422430	4541	3.126e-02
300kHz_150dA_100Mss_bobN1C20256.txt	199.09	18.28	225.24	8.67	57041.50	567.33	3.083021e+05	2.536807e+01	6.394828e+00	523.34	57.881134	4541	3.118e-02
300kHz_150dA_100Mss_bobN1C20257.txt	199.6	18.74	227.59	8.68	57041.50	563.90	3.083021e+05	2.526761e+01	6.394289e+00	518.77	57.599511	4541	3.157e-02
300kHz_150dA_100Mss_bobN1C20258.txt	200.14	19.17	225.80	8.65	57041.50	565.84	3.083021e+05	2.521052e+01	6.396296e+00	526.91	58.649312	4541	3.096e-02
300kHz_150dA_100Mss_bobN1C20259.txt	200.65	19.43	227.26	8.74	57041.50	565.93	3.083021e+05	2.535482e+01	6.397925e+00	537.52	59.501098	4541	3.105e-02
300kHz_150dA_100Mss_bobN1C20260.txt	201.23	19.65	224.10	8.59	57041.50	565.31	3.083021e+05	2.524452e+01	6.394179e+00	517.78	57.542121	4541	3.132e-02
300kHz_150dA_100Mss_bobN1C20261.txt	202.01	19.80	224.39	8.56	57041.50	572.68	3.083021e+05	2.547501e+01	6.393396e+00	518.84	57.132879	4541	3.137e-02
300kHz_150dA_100Mss_bobN1C20262.txt	202.54	20.02	222.95	8.55	57041.50	566.53	3.083021e+05	2.529907e+01	6.393986e+00	518.00	57.441000	4541	3.085e-02
300kHz_150dA_100Mss_bobN1C20263.txt	203.05	20.23	222.51	8.53	57041.50	569.85	3.083021e+05	2.539629e+01	6.392707e+00	514.02	56.772903	4541	3.082e-02
300kHz_150dA_100Mss_bobN1C20264.txt	203.55	20.48	221.33	8.48	57041.50	577.72	3.083021e+05	2.567213e+01	6.393505e+00	523.37	57.189897	4541	3.080e-02
300kHz_150dA_100Mss_bobN1C20265.txt	204.06	20.72	224.22	8.57	57041.50	568.06	3.083021e+05	2.538167e+01	6.393936e+00	519.46	57.414913	4541	3.133e-02
300kHz_150dA_100Mss_bobN1C20266.txt	205.08	21.13	222.94	8.50	57041.50	569.86	3.083021e+05	2.535490e+01	6.392374e+00	511.62	56.598831	4541	3.100e-02
300kHz_150dA_100Mss_bobN1C20267.txt	205.6	21.34	222.39	8.58	57041.50	563.80	3.083021e+05	2.520873e+01	6.393347e+00	513.19	57.107887	4541	3.067e-02
300kHz_150dA_100Mss_bobN1C20268.txt	206.11	21.56	220.90	8.49	57041.50	571.86	3.083021e+05	2.547080e+01	6.391361e+00	509.21	56.069647	4541	3.107e-02
300kHz_150dA_100Mss_bobN1C20269.txt	206.63	21.82	218.00	8.35	57041.50	564.55	3.083021e+05	2.518668e+01	6.388778e+00	491.55	54.720096	4541	3.059e-02
300kHz_150dA_100Mss_bobN1C20270.txt	207.16	22.03	219.39	8.44	57041.50	568.43	3.083021e+05	2.535334e+01	6.389823e+00	499.69	55.266676	4541	3.070e-02
300kHz_150dA_100Mss_bobN1C20271.txt	207.67	22.13	220.07	8.43	57041.50	571.22	3.083021e+05	2.543293e+01	6.391311e+00	508.22	56.043718	4541	3.052e-02
300kHz_150dA_100Mss_bobN1C20272.txt	208.19	22.26	217.80	8.41	57041.50	568.67	3.083021e+05	2.533463e+01	6.390788e+00	503.82	55.770597	4541	3.064e-02
300kHz_150dA_100Mss_bobN1C20273.txt	208.7	22.41	220.42	8.42	57041.50	572.27	3.083021e+05	2.540794e+01	6.391738e+00	509.72	56.267136	4541	3.092e-02
300kHz_150dA_100Mss_bobN1C20274.txt	209.19	22.58	218.95	8.36	57041.50	566.64	3.083021e+05	2.524070e+01	6.390506e+00	500.64	55.623279	4541	3.087e-02
300kHz_150dA_100Mss_bobN1C20275.txt	209.7	22.78	218.82	8.36	57041.50	569.41	3.083021e+05	2.528675e+01	6.389345e+00	496.15	55.016661	4541	3.057e-02
300kHz_150dA_100Mss_bobN1C20276.txt	210.2	23.00	219.48	8.43	57041.50	569.37	3.083021e+05	2.540132e+01	6.391111e+00	506.65	55.939057	4541	3.082e-02
300kHz_150dA_100Mss_bobN1C20277.txt	210.7	23.25	217.43	8.38	57041.50	567.64	3.083021e+05	2.532952e+01	6.388926e+00	495.03	54.798133	4541	3.038e-02
300kHz_150dA_100Mss_bobN1C20278.txt	211.2	23.52	219.75	8.49	57041.50	563.99	3.083021e+05	2.513260e+01	6.392145e+00	506.08	56.479684	4541	3.057e-02
300kHz_150dA_100Mss_bobN1C20279.txt	211.73	23.84	216.17	8.29	57041.50	574.74	3.082343e+05	2.556024e+01	6.387846e+00	494.35	54.234654	4542	3.056e-02
300kHz_150dA_100Mss_bobN1C20280.txt	212.22	24.09	213.47	8.30	57041.50	564.69	3.083021e+05	2.506866e+01	6.389812e+00	494.02	55.260773	4541	3.033e-02
300kHz_150dA_100Mss_bobN1C20281.txt	212.73	24.29	214.81	8.30	57041.50	564.41	3.083021e+05	2.514726e+01	6.388807e+00	490.92	54.736011	4541	3.051e-02
300kHz_150dA_100Mss_bobN1C20282.txt	213.23	24.49	215.04	8.34	57041.50	552.25	3.083021e+05	2.470980e+01	6.389536e+00	485.70	55.116736	4541	3.047e-02
300kHz_150dA_100Mss_bobN1C20283.txt	213.77	24.71	216.02	8.40	57041.50	557.25	3.083021e+05	2.493322e+01	6.390361e+00	493.87	55.547589	4541	3.031e-02
300kHz_150dA_100Mss_bobN1C20284.txt	214.26	24.90	215.26	8.33	57041.50	560.66	3.083021e+05	2.505365e+01	6.389305e+00	491.39	54.996356	4541	3.054e-02
300kHz_150dA_100Mss_bobN1C20285.txt	215.27	25.31	213.78	8.28	57041.50	569.48	3.083021e+05	2.532674e+01	6.385799e+00	480.39	53.166334	4541	3.026e-02
300kHz_150dA_100Mss_bobN1C20286.txt	215.78	25.51	212.08	8.18	57041.50	562.77	3.083021e+05	2.500482e+01	6.387917e+00	484.04	54.271009	4541	3.021e-02
300kHz_150dA_100Mss_bobN1C20287.txt	216.29	25.69	211.11	8.18	57041.50	558.05	3.083021e+05	2.481552e+01	6.387108e+00	476.68	53.849132	4541	3.010e-02
300kHz_150dA_100Mss_bobN1C20288.txt	216.78	25.83	210.44	8.13	57041.50	559.58	3.083021e+05	2.489563e+01	6.385527e+00	470.97	53.023529	4541	3.026e-02
300kHz_150dA_100Mss_bobN1C20289.txt	217.28	25.96	211.20	8.26	57041.50	559.44	3.083021e+05	2.496090e+01	6.386514e+00	476.74	53.539041	4541	2.990e-02
300kHz_150dA_100Mss_bobN1C20290.txt	217.78	26.06	211.71	8.19	57041.50	561.71	3.083021e+05	2.496858e+01	6.386718e+00	477.82	53.645445	4541	3.017e-02
300kHz_150dA_100Mss_bobN1C20291.txt	218.29	26.19	211.26	8.16	57041.50	561.46	3.083021e+05	2.497242e+01	6.389206e+00	489.34	54.943752	4541	3.041e-02
300kHz_150dA_100Mss_bobN1C20292.txt	218.88	26.36	211.67	8.23	57041.50	558.32	3.083021e+05	2.490295e+01	6.384911e+00	468.28	52.702622	4541	3.040e-02
300kHz_150dA_100Mss_bobN1C20293.txt	219.39	26.67	210.58	8.19	57041.50	563.02	3.083021e+05	2.503499e+01	6.385887e+00	475.26	53.211736	4541	3.005e-02
300kHz_150dA_100Mss_bobN1C20294.txt	219.88	27.02	213.12	8.25	57041.50	560.97	3.083021e+05	2.498526e+01	6.388092e+00	484.47	54.362640	4541	3.012e-02
300kHz_150dA_100Mss_bobN1C20295.txt	220.4	27.22	210.84	8.24	57041.50	554.65	3.083021e+05	2.474504e+01	6.387433e+00	476.81	54.018824	4541	2.982e-02
300kHz_150dA_100Mss_bobN1C20296.txt	220.9	27.37	209.99	8.18	57041.50	561.93	3.083021e+05	2.503020e+01	6.384986e+00	471.02	52.741837	4541	3.004e-02
300kHz_150dA_100Mss_bobN1C20297.txt	221.4	27.56	208.71	8.13	57041.50	559.64	3.083021e+05	2.487181e+01	6.386959e+00	477.08	53.771701	4541	2.990e-02
300kHz_150dA_100Mss_bobN1C20298.txt	221.89	27.76	208.49	8.11	57041.50	564.70	3.083021e+05	2.507683e+01	6.385033e+00	472.12	52.766746	4541	3.001e-02
300kHz_150dA_100Mss_bobN1C20299.txt	222.41	27.92	208.74	8.10	57041.50	557.78	3.083021e+05	2.480846e+01	6.385435e+00	468.90	52.976040	4541	2.998e-02
300kHz_150dA_100Mss_bobN1C20300.txt	222.93	28.08	210.07	8.19	57041.50	556.49	3.083021e+05	2.482788e+01	6.386229e+00	472.90	53.390021	4541	2.993e-02
300kHz_150dA_100Mss_bobN1C20301.txt	223.46	28.24	208.75	8.13	57041.50	559.24	3.083021e+05	2.491564e+01	6.384567e+00	466.94	52.523065	4541	2.991e-02
300kHz_150dA_100Mss_bobN1C20302.txt	223.98	28.39	205.32	8.04	57041.50	561.39	3.083021e+05	2.494913e+01	6.381824e+00	454.96	51.092512	4541	2.991e-02
300kHz_150dA_100Mss_bobN1C20303.txt	224.48	28.59	206.72	8.08	57041.50	563.38	3.083021e+05	2.501746e+01	6.384844e+00	470.13	52.667854	4541	2.987e-02
300kHz_150dA_100Mss_bobN1C20304.txt	225.49	28.95	205.43	8.04	57041.50	559.10	3.083021e+05	2.485873e+01	6.382450e+00	456.18	51.419714	4541	2.985e-02
300kHz_150dA_100Mss_bobN1C20305.txt	226.0	29.10	206.87	8.04	57041.50	557.77	3.083021e+05	2.478817e+01	6.383795e+00	461.03	52.120681	4541	3.005e-02
300kHz_150dA_100Mss_bobN1C20306.txt	226.49	29.15	207.45	7.99	57041.50	571.70	3.083021e+05	2.530184e+01	6.382197e+00	463.13	51.287474	4541	3.022e-02
300kHz_150dA_100Mss_bobN1C20307.txt	226.99	29.20	206.95	7.99	57041.50	579.25	3.083021e+05	2.562771e+01	6.383529e+00	475.38	51.981857	4541	3.003e-02
300kHz_150dA_100Mss_bobN1C20308.txt	227.5	29.40	203.92	7.97	57041.50	556.55	3.082343e+05	2.469010e+01	6.382236e+00	452.01	51.307548	4542	2.996e-02
300kHz_150dA_100Mss_bobN1C20309.txt	228.01	29.60	205.55	8.06	57041.50	552.87	3.083021e+05	2.465606e+01	6.383760e+00	458.41	52.102169	4541	2.973e-02
300kHz_150dA_100Mss_bobN1C20310.txt	228.5	29.75	202.33	7.87	57041.50	557.34	3.083021e+05	2.479001e+01	6.377995e+00	434.56	49.096432	4541	3.011e-02
300kHz_150dA_100Mss_bobN1C20311.txt	229.03	29.91	201.47	7.91	57041.50	556.03	3.083021e+05	2.470824e+01	6.379727e+00	441.02	50.000002	4541	2.982e-02
300kHz_150dA_100Mss_bobN1C20312.txt	229.56	30.12	201.28	7.92	57041.50	560.71	3.083021e+05	2.487686e+01	6.380177e+00	446.09	50.234674	4541	2.966e-02
300kHz_150dA_100Mss_bobN1C20313.txt	230.07	30.33	202.53	7.97	57041.50	555.52	3.083021e+05	2.469150e+01	6.381684e+00	449.63	51.020216	4541	2.967e-02
300kHz_150dA_100Mss_bobN1C20314.txt	230.68	30.57	203.90	8.01	57041.50	557.10	3.083021e+05	2.476498e+01	6.382927e+00	456.63	51.668071	4541	2.961e-02
300kHz_150dA_100Mss_bobN1C20315.txt	231.25	30.78	202.78	7.92	57041.50	559.03	3.083021e+05	2.476123e+01	6.380456e+00	445.29	50.379948	4541	2.974e-02
300kHz_150dA_100Mss_bobN1C20316.txt	231.79	30.94	196.86	7.75	57041.50	561.93	3.083021e+05	2.483928e+01	6.378111e+00	435.96	49.157587	4541	2.966e-02
300kHz_150dA_100Mss_bobN1C20317.txt	232.31	31.09	199.24	7.87	57041.50	552.29	3.083021e+05	2.456524e+01	6.378786e+00	434.21	49.509739	4541	2.964e-02
300kHz_150dA_100Mss_bobN1C20318.txt	232.82	31.25	197.59	7.89	57041.50	558.59	3.083021e+05	2.477075e+01	6.380920e+00	447.58	50.621745	4541	2.912e-02
300kHz_150dA_100Mss_bobN1C20319.txt	233.33	31.40	200.53	7.92	57041.50	553.16	3.083021e+05	2.461329e+01	6.381715e+00	448.34	51.035999	4541	2.951e-02
