# Temperatura_=_-19.479583333333334
# Concentracion g/m^3_=_9950.0
# C_Vs_to_Am_M_A/Vsm_=_116720831517.84952
# pendiente_HvsI_1/m_=_3716.3
# ordenada_HvsI_A/m_=_1297.0
# frecuencia_Hz_=_308265.31595506513
# Promedio de 312 ciclos

Tiempo_(s)	Campo_(V.s)	Magnetizacion_(V.s)	Campo_(kA/m)	Magnetizacion_(A/m)
0.000000e+00	-8.889597e-10	-4.320380e-09	-5.677693e+01	-5.061435e+02
1.000000e-08	-8.884535e-10	-4.326206e-09	-5.674461e+01	-5.060576e+02
2.000000e-08	-8.876477e-10	-4.330229e-09	-5.669314e+01	-5.059188e+02
3.000000e-08	-8.865281e-10	-4.327924e-09	-5.662164e+01	-5.057225e+02
4.000000e-08	-8.850869e-10	-4.326928e-09	-5.652959e+01	-5.054696e+02
5.000000e-08	-8.833264e-10	-4.325038e-09	-5.641715e+01	-5.051664e+02
6.000000e-08	-8.812717e-10	-4.319900e-09	-5.628592e+01	-5.048256e+02
7.000000e-08	-8.789492e-10	-4.315522e-09	-5.613759e+01	-5.044648e+02
8.000000e-08	-8.763245e-10	-4.311889e-09	-5.596996e+01	-5.041052e+02
9.000000e-08	-8.733263e-10	-4.328528e-09	-5.577847e+01	-5.037692e+02
1.000000e-07	-8.699226e-10	-4.384980e-09	-5.556108e+01	-5.034779e+02
1.100000e-07	-8.661820e-10	-4.365444e-09	-5.532218e+01	-5.032485e+02
1.200000e-07	-8.621790e-10	-4.318735e-09	-5.506651e+01	-5.030920e+02
1.300000e-07	-8.579116e-10	-4.321518e-09	-5.479396e+01	-5.030110e+02
1.400000e-07	-8.533540e-10	-4.308773e-09	-5.450287e+01	-5.029992e+02
1.500000e-07	-8.485104e-10	-4.272850e-09	-5.419352e+01	-5.030412e+02
1.600000e-07	-8.433678e-10	-4.229289e-09	-5.386507e+01	-5.031135e+02
1.700000e-07	-8.378633e-10	-4.274621e-09	-5.351351e+01	-5.031868e+02
1.800000e-07	-8.320051e-10	-4.344594e-09	-5.313936e+01	-5.032280e+02
1.900000e-07	-8.258646e-10	-4.279021e-09	-5.274717e+01	-5.032038e+02
2.000000e-07	-8.194319e-10	-4.307957e-09	-5.233632e+01	-5.030835e+02
2.100000e-07	-8.127230e-10	-4.308776e-09	-5.190784e+01	-5.028418e+02
2.200000e-07	-8.057055e-10	-4.249101e-09	-5.145963e+01	-5.024611e+02
2.300000e-07	-7.983252e-10	-4.275317e-09	-5.098827e+01	-5.019329e+02
2.400000e-07	-7.906063e-10	-4.246175e-09	-5.049527e+01	-5.012579e+02
2.500000e-07	-7.825522e-10	-4.270094e-09	-4.998087e+01	-5.004454e+02
2.600000e-07	-7.742043e-10	-4.266973e-09	-4.944770e+01	-4.995114e+02
2.700000e-07	-7.655723e-10	-4.274049e-09	-4.889638e+01	-4.984770e+02
2.800000e-07	-7.566771e-10	-4.255774e-09	-4.832827e+01	-4.973649e+02
2.900000e-07	-7.475225e-10	-4.213506e-09	-4.774357e+01	-4.961971e+02
3.000000e-07	-7.380851e-10	-4.221139e-09	-4.714082e+01	-4.949922e+02
3.100000e-07	-7.283496e-10	-4.199783e-09	-4.651902e+01	-4.937635e+02
3.200000e-07	-7.183076e-10	-4.214754e-09	-4.587765e+01	-4.925175e+02
3.300000e-07	-7.080061e-10	-4.203669e-09	-4.521971e+01	-4.912541e+02
3.400000e-07	-6.974452e-10	-4.198281e-09	-4.454519e+01	-4.899664e+02
3.500000e-07	-6.866226e-10	-4.192766e-09	-4.385397e+01	-4.886425e+02
3.600000e-07	-6.755355e-10	-4.159306e-09	-4.314585e+01	-4.872669e+02
3.700000e-07	-6.641783e-10	-4.138046e-09	-4.242048e+01	-4.858225e+02
3.800000e-07	-6.525558e-10	-4.116934e-09	-4.167817e+01	-4.842928e+02
3.900000e-07	-6.406656e-10	-4.121714e-09	-4.091875e+01	-4.826634e+02
4.000000e-07	-6.285232e-10	-4.115355e-09	-4.014324e+01	-4.809235e+02
4.100000e-07	-6.161421e-10	-4.108497e-09	-3.935247e+01	-4.790659e+02
4.200000e-07	-6.035477e-10	-4.090266e-09	-3.854808e+01	-4.770877e+02
4.300000e-07	-5.907396e-10	-4.064397e-09	-3.773004e+01	-4.749888e+02
4.400000e-07	-5.777066e-10	-4.042288e-09	-3.689764e+01	-4.727712e+02
4.500000e-07	-5.644415e-10	-4.014760e-09	-3.605041e+01	-4.704375e+02
4.600000e-07	-5.509542e-10	-3.994330e-09	-3.518899e+01	-4.679892e+02
4.700000e-07	-5.372568e-10	-3.979189e-09	-3.431416e+01	-4.654256e+02
4.800000e-07	-5.233486e-10	-3.968885e-09	-3.342586e+01	-4.627429e+02
4.900000e-07	-5.092206e-10	-3.947563e-09	-3.252353e+01	-4.599337e+02
5.000000e-07	-4.948743e-10	-3.917164e-09	-3.160724e+01	-4.569873e+02
5.100000e-07	-4.803390e-10	-3.883060e-09	-3.067889e+01	-4.538903e+02
5.200000e-07	-4.656268e-10	-3.850296e-09	-2.973924e+01	-4.506275e+02
5.300000e-07	-4.507446e-10	-3.822522e-09	-2.878873e+01	-4.471834e+02
5.400000e-07	-4.356927e-10	-3.794599e-09	-2.782738e+01	-4.435432e+02
5.500000e-07	-4.204761e-10	-3.765658e-09	-2.685552e+01	-4.396940e+02
5.600000e-07	-4.050978e-10	-3.735298e-09	-2.587332e+01	-4.356253e+02
5.700000e-07	-3.895610e-10	-3.699227e-09	-2.488100e+01	-4.313291e+02
5.800000e-07	-3.738704e-10	-3.656794e-09	-2.387886e+01	-4.267998e+02
5.900000e-07	-3.580375e-10	-3.609167e-09	-2.286763e+01	-4.220327e+02
6.000000e-07	-3.420738e-10	-3.562512e-09	-2.184805e+01	-4.170234e+02
6.100000e-07	-3.259771e-10	-3.520615e-09	-2.081997e+01	-4.117656e+02
6.200000e-07	-3.097533e-10	-3.479407e-09	-1.978377e+01	-4.062503e+02
6.300000e-07	-2.934161e-10	-3.433211e-09	-1.874033e+01	-4.004639e+02
6.400000e-07	-2.769790e-10	-3.379613e-09	-1.769051e+01	-3.943874e+02
6.500000e-07	-2.604411e-10	-3.323962e-09	-1.663426e+01	-3.879963e+02
6.600000e-07	-2.437993e-10	-3.264964e-09	-1.557136e+01	-3.812597e+02
6.700000e-07	-2.270544e-10	-3.201641e-09	-1.450188e+01	-3.741414e+02
6.800000e-07	-2.102239e-10	-3.134751e-09	-1.342694e+01	-3.666002e+02
6.900000e-07	-1.933239e-10	-3.064903e-09	-1.234755e+01	-3.585906e+02
7.000000e-07	-1.763520e-10	-2.993109e-09	-1.126358e+01	-3.500637e+02
7.100000e-07	-1.593112e-10	-2.916542e-09	-1.017520e+01	-3.409673e+02
7.200000e-07	-1.422117e-10	-2.831351e-09	-9.083075e+00	-3.312463e+02
7.300000e-07	-1.250643e-10	-2.739347e-09	-7.987888e+00	-3.208423e+02
7.400000e-07	-1.078764e-10	-2.645511e-09	-6.890112e+00	-3.096928e+02
7.500000e-07	-9.065139e-11	-2.546569e-09	-5.789971e+00	-2.977310e+02
7.600000e-07	-7.338881e-11	-2.436837e-09	-4.687427e+00	-2.848848e+02
7.700000e-07	-5.609292e-11	-2.314494e-09	-3.582756e+00	-2.710772e+02
7.800000e-07	-3.877807e-11	-2.184732e-09	-2.476873e+00	-2.562271e+02
7.900000e-07	-2.145163e-11	-2.049824e-09	-1.370251e+00	-2.402509e+02
8.000000e-07	-4.114824e-12	-1.903885e-09	-2.629654e-01	-2.230662e+02
8.100000e-07	1.322726e-11	-1.743138e-09	8.446570e-01	-2.045965e+02
8.200000e-07	3.056724e-11	-1.570794e-09	1.952145e+00	-1.847768e+02
8.300000e-07	4.789358e-11	-1.389071e-09	3.058762e+00	-1.635611e+02
8.400000e-07	6.520164e-11	-1.196124e-09	4.164211e+00	-1.409295e+02
8.500000e-07	8.249082e-11	-9.900889e-10	5.268454e+00	-1.168956e+02
8.600000e-07	9.975226e-11	-7.700953e-10	6.370925e+00	-9.151274e+01
8.700000e-07	1.169762e-10	-5.400739e-10	7.470999e+00	-6.487936e+01
8.800000e-07	1.341573e-10	-3.053969e-10	8.568339e+00	-3.714112e+01
8.900000e-07	1.512920e-10	-6.542293e-11	9.662715e+00	-8.490910e+00
9.000000e-07	1.683747e-10	1.828423e-10	1.075377e+01	2.083455e+01
9.100000e-07	1.853964e-10	4.358913e-10	1.184093e+01	5.056122e+01
9.200000e-07	2.023448e-10	6.894078e-10	1.292340e+01	8.038727e+01
9.300000e-07	2.192147e-10	9.414790e-10	1.400087e+01	1.099950e+02
9.400000e-07	2.360081e-10	1.190924e-09	1.507345e+01	1.390643e+02
9.500000e-07	2.527152e-10	1.436225e-09	1.614051e+01	1.672874e+02
9.600000e-07	2.693214e-10	1.672289e-09	1.720113e+01	1.943824e+02
9.700000e-07	2.858195e-10	1.892371e-09	1.825485e+01	2.201061e+02
9.800000e-07	3.022087e-10	2.096031e-09	1.930161e+01	2.442643e+02
9.900000e-07	3.184856e-10	2.285603e-09	2.034120e+01	2.667185e+02
1.000000e-06	3.346440e-10	2.460251e-09	2.137322e+01	2.873901e+02
1.010000e-06	3.506781e-10	2.619349e-09	2.239731e+01	3.062592e+02
1.020000e-06	3.665811e-10	2.762504e-09	2.341302e+01	3.233610e+02
1.030000e-06	3.823458e-10	2.893888e-09	2.441990e+01	3.387785e+02
1.040000e-06	3.979639e-10	3.013649e-09	2.541741e+01	3.526321e+02
1.050000e-06	4.134270e-10	3.121257e-09	2.640502e+01	3.650692e+02
1.060000e-06	4.287301e-10	3.215439e-09	2.738241e+01	3.762513e+02
1.070000e-06	4.438706e-10	3.297657e-09	2.834942e+01	3.863428e+02
1.080000e-06	4.588462e-10	3.374473e-09	2.930590e+01	3.955012e+02
1.090000e-06	4.736513e-10	3.447325e-09	3.025149e+01	4.038682e+02
1.100000e-06	4.882807e-10	3.513809e-09	3.118586e+01	4.115649e+02
1.110000e-06	5.027289e-10	3.573172e-09	3.210865e+01	4.186886e+02
1.120000e-06	5.169850e-10	3.628212e-09	3.301917e+01	4.253124e+02
1.130000e-06	5.310383e-10	3.679835e-09	3.391674e+01	4.314879e+02
1.140000e-06	5.448833e-10	3.727372e-09	3.480101e+01	4.372486e+02
1.150000e-06	5.585166e-10	3.769395e-09	3.567175e+01	4.426149e+02
1.160000e-06	5.719392e-10	3.807981e-09	3.652904e+01	4.475997e+02
1.170000e-06	5.851496e-10	3.845948e-09	3.737278e+01	4.522128e+02
1.180000e-06	5.981417e-10	3.881425e-09	3.820257e+01	4.564657e+02
1.190000e-06	6.109117e-10	3.913741e-09	3.901818e+01	4.603742e+02
1.200000e-06	6.234587e-10	3.942639e-09	3.981955e+01	4.639597e+02
1.210000e-06	6.357786e-10	3.968597e-09	4.060641e+01	4.672495e+02
1.220000e-06	6.478598e-10	3.995582e-09	4.137803e+01	4.702756e+02
1.230000e-06	6.596904e-10	4.022371e-09	4.213363e+01	4.730722e+02
1.240000e-06	6.712573e-10	4.046234e-09	4.287240e+01	4.756734e+02
1.250000e-06	6.825519e-10	4.066452e-09	4.359378e+01	4.781109e+02
1.260000e-06	6.935840e-10	4.085889e-09	4.429839e+01	4.804109e+02
1.270000e-06	7.043608e-10	4.105618e-09	4.498669e+01	4.825935e+02
1.280000e-06	7.148718e-10	4.124240e-09	4.565802e+01	4.846713e+02
1.290000e-06	7.251119e-10	4.140697e-09	4.631205e+01	4.866501e+02
1.300000e-06	7.350772e-10	4.155021e-09	4.694853e+01	4.885298e+02
1.310000e-06	7.447580e-10	4.171221e-09	4.756683e+01	4.903063e+02
1.320000e-06	7.541599e-10	4.188074e-09	4.816733e+01	4.919736e+02
1.330000e-06	7.632869e-10	4.203185e-09	4.875026e+01	4.935259e+02
1.340000e-06	7.721326e-10	4.215097e-09	4.931523e+01	4.949594e+02
1.350000e-06	7.807013e-10	4.226957e-09	4.986251e+01	4.962738e+02
1.360000e-06	7.889884e-10	4.238841e-09	5.039180e+01	4.974729e+02
1.370000e-06	7.969767e-10	4.249446e-09	5.090200e+01	4.985646e+02
1.380000e-06	8.046534e-10	4.258679e-09	5.139231e+01	4.995599e+02
1.390000e-06	8.120154e-10	4.267569e-09	5.186251e+01	5.004719e+02
1.400000e-06	8.190750e-10	4.278086e-09	5.231340e+01	5.013141e+02
1.410000e-06	8.258333e-10	4.286837e-09	5.274505e+01	5.020986e+02
1.420000e-06	8.322830e-10	4.293120e-09	5.315699e+01	5.028352e+02
1.430000e-06	8.384316e-10	4.296896e-09	5.354970e+01	5.035300e+02
1.440000e-06	8.442739e-10	4.301661e-09	5.392284e+01	5.041853e+02
1.450000e-06	8.497940e-10	4.307877e-09	5.427541e+01	5.047997e+02
1.460000e-06	8.549655e-10	4.315544e-09	5.460571e+01	5.053690e+02
1.470000e-06	8.597897e-10	4.322714e-09	5.491383e+01	5.058874e+02
1.480000e-06	8.642933e-10	4.328275e-09	5.520148e+01	5.063490e+02
1.490000e-06	8.684713e-10	4.332657e-09	5.546832e+01	5.067492e+02
1.500000e-06	8.723275e-10	4.335267e-09	5.571461e+01	5.070859e+02
1.510000e-06	8.758661e-10	4.336518e-09	5.594063e+01	5.073601e+02
1.520000e-06	8.790830e-10	4.336775e-09	5.614609e+01	5.075763e+02
1.530000e-06	8.819788e-10	4.339298e-09	5.633105e+01	5.077419e+02
1.540000e-06	8.845408e-10	4.343795e-09	5.649468e+01	5.078666e+02
1.550000e-06	8.867747e-10	4.348552e-09	5.663736e+01	5.079604e+02
1.560000e-06	8.886885e-10	4.351141e-09	5.675959e+01	5.080328e+02
1.570000e-06	8.902666e-10	4.352152e-09	5.686039e+01	5.080908e+02
1.580000e-06	8.914876e-10	4.352523e-09	5.693838e+01	5.081383e+02
1.590000e-06	8.923520e-10	4.351924e-09	5.699359e+01	5.081749e+02
1.600000e-06	8.928853e-10	4.351328e-09	5.702765e+01	5.081962e+02
1.610000e-06	8.930916e-10	4.351406e-09	5.704083e+01	5.081945e+02
1.620000e-06	8.929793e-10	4.354040e-09	5.703366e+01	5.081601e+02
1.630000e-06	8.925600e-10	4.354487e-09	5.700688e+01	5.080828e+02
1.640000e-06	8.918329e-10	4.347941e-09	5.696045e+01	5.079538e+02
1.650000e-06	8.907912e-10	4.345894e-09	5.689392e+01	5.077678e+02
1.660000e-06	8.894254e-10	4.343445e-09	5.680669e+01	5.075246e+02
1.670000e-06	8.877583e-10	4.338697e-09	5.670022e+01	5.072296e+02
1.680000e-06	8.858055e-10	4.338858e-09	5.657550e+01	5.068943e+02
1.690000e-06	8.835664e-10	4.339334e-09	5.643249e+01	5.065354e+02
1.700000e-06	8.810544e-10	4.340668e-09	5.627205e+01	5.061737e+02
1.710000e-06	8.782172e-10	4.285563e-09	5.609085e+01	5.058315e+02
1.720000e-06	8.749351e-10	4.242658e-09	5.588123e+01	5.055305e+02
1.730000e-06	8.712074e-10	4.286041e-09	5.564314e+01	5.052887e+02
1.740000e-06	8.671523e-10	4.292594e-09	5.538415e+01	5.051183e+02
1.750000e-06	8.628368e-10	4.285597e-09	5.510853e+01	5.050236e+02
1.760000e-06	8.582619e-10	4.320120e-09	5.481634e+01	5.049998e+02
1.770000e-06	8.534720e-10	4.402819e-09	5.451042e+01	5.050333e+02
1.780000e-06	8.484572e-10	4.350604e-09	5.419013e+01	5.051020e+02
1.790000e-06	8.430728e-10	4.290908e-09	5.384624e+01	5.051772e+02
1.800000e-06	8.373732e-10	4.374642e-09	5.348221e+01	5.052265e+02
1.810000e-06	8.313511e-10	4.312073e-09	5.309759e+01	5.052163e+02
1.820000e-06	8.249244e-10	4.351852e-09	5.268712e+01	5.051151e+02
1.830000e-06	8.182083e-10	4.351821e-09	5.225817e+01	5.048967e+02
1.840000e-06	8.111444e-10	4.309775e-09	5.180701e+01	5.045419e+02
1.850000e-06	8.037969e-10	4.368612e-09	5.133774e+01	5.040405e+02
1.860000e-06	7.961670e-10	4.302003e-09	5.085043e+01	5.033914e+02
1.870000e-06	7.881853e-10	4.355318e-09	5.034065e+01	5.026026e+02
1.880000e-06	7.799322e-10	4.319856e-09	4.981353e+01	5.016890e+02
1.890000e-06	7.713255e-10	4.310302e-09	4.926384e+01	5.006709e+02
1.900000e-06	7.624248e-10	4.332835e-09	4.869536e+01	4.995711e+02
1.910000e-06	7.532295e-10	4.276367e-09	4.810807e+01	4.984117e+02
1.920000e-06	7.437553e-10	4.317531e-09	4.750297e+01	4.972122e+02
1.930000e-06	7.340506e-10	4.251535e-09	4.688313e+01	4.959869e+02
1.940000e-06	7.240562e-10	4.262045e-09	4.624481e+01	4.947437e+02
1.950000e-06	7.138053e-10	4.225866e-09	4.559010e+01	4.934836e+02
1.960000e-06	7.032555e-10	4.203561e-09	4.491630e+01	4.922008e+02
1.970000e-06	6.924439e-10	4.232193e-09	4.422577e+01	4.908844e+02
1.980000e-06	6.813741e-10	4.212989e-09	4.351875e+01	4.895191e+02
1.990000e-06	6.700365e-10	4.235013e-09	4.279464e+01	4.880882e+02
2.000000e-06	6.584465e-10	4.188741e-09	4.205440e+01	4.865749e+02
2.010000e-06	6.465781e-10	4.176861e-09	4.129638e+01	4.849643e+02
2.020000e-06	6.344689e-10	4.135867e-09	4.052298e+01	4.832448e+02
2.030000e-06	6.221106e-10	4.121711e-09	3.973367e+01	4.814087e+02
2.040000e-06	6.095184e-10	4.118978e-09	3.892942e+01	4.794523e+02
2.050000e-06	5.966913e-10	4.106838e-09	3.811018e+01	4.773750e+02
2.060000e-06	5.836505e-10	4.104325e-09	3.727727e+01	4.751786e+02
2.070000e-06	5.704072e-10	4.076646e-09	3.643144e+01	4.728656e+02
2.080000e-06	5.569505e-10	4.049610e-09	3.557198e+01	4.704378e+02
2.090000e-06	5.432818e-10	4.008528e-09	3.469897e+01	4.678951e+02
2.100000e-06	5.293906e-10	3.982318e-09	3.381176e+01	4.652343e+02
2.110000e-06	5.152882e-10	3.959871e-09	3.291106e+01	4.624486e+02
2.120000e-06	5.009684e-10	3.949562e-09	3.199647e+01	4.595278e+02
2.130000e-06	4.864577e-10	3.933319e-09	3.106968e+01	4.564590e+02
2.140000e-06	4.717656e-10	3.907404e-09	3.013132e+01	4.532273e+02
2.150000e-06	4.569015e-10	3.870041e-09	2.918197e+01	4.498170e+02
2.160000e-06	4.418704e-10	3.829042e-09	2.822195e+01	4.462131e+02
2.170000e-06	4.266656e-10	3.788877e-09	2.725083e+01	4.424025e+02
2.180000e-06	4.112921e-10	3.755874e-09	2.626895e+01	4.383740e+02
2.190000e-06	3.957560e-10	3.725643e-09	2.527667e+01	4.341193e+02
2.200000e-06	3.800757e-10	3.693249e-09	2.427519e+01	4.296324e+02
2.210000e-06	3.642543e-10	3.657409e-09	2.326469e+01	4.249086e+02
2.220000e-06	3.482977e-10	3.613317e-09	2.224557e+01	4.199434e+02
2.230000e-06	3.322054e-10	3.563221e-09	2.121777e+01	4.147310e+02
2.240000e-06	3.159855e-10	3.511249e-09	2.018182e+01	4.092631e+02
2.250000e-06	2.996442e-10	3.463096e-09	1.913812e+01	4.035268e+02
2.260000e-06	2.831873e-10	3.415639e-09	1.808703e+01	3.975044e+02
2.270000e-06	2.666297e-10	3.366552e-09	1.702952e+01	3.911722e+02
2.280000e-06	2.499818e-10	3.308968e-09	1.596624e+01	3.845005e+02
2.290000e-06	2.332470e-10	3.245550e-09	1.489740e+01	3.774541e+02
2.300000e-06	2.164236e-10	3.178150e-09	1.382291e+01	3.699925e+02
2.310000e-06	1.995142e-10	3.107130e-09	1.274292e+01	3.620711e+02
2.320000e-06	1.825300e-10	3.034034e-09	1.165816e+01	3.536414e+02
2.330000e-06	1.654889e-10	2.958690e-09	1.056976e+01	3.446519e+02
2.340000e-06	1.483952e-10	2.880505e-09	9.478003e+00	3.350480e+02
2.350000e-06	1.312511e-10	2.796921e-09	8.383025e+00	3.247718e+02
2.360000e-06	1.140605e-10	2.703290e-09	7.285080e+00	3.137618e+02
2.370000e-06	9.683273e-11	2.600806e-09	6.184763e+00	3.019519e+02
2.380000e-06	7.957611e-11	2.491706e-09	5.082600e+00	2.892711e+02
2.390000e-06	6.228705e-11	2.375988e-09	3.978366e+00	2.756432e+02
2.400000e-06	4.496846e-11	2.251643e-09	2.872246e+00	2.609876e+02
2.410000e-06	2.763311e-11	2.118294e-09	1.765056e+00	2.452211e+02
2.420000e-06	1.029066e-11	1.974944e-09	6.574125e-01	2.282608e+02
2.430000e-06	-7.054410e-12	1.818812e-09	-4.503989e-01	2.100287e+02
2.440000e-06	-2.439628e-11	1.650373e-09	-1.558006e+00	1.904572e+02
2.450000e-06	-4.172829e-11	1.468275e-09	-2.664983e+00	1.694964e+02
2.460000e-06	-5.904418e-11	1.273983e-09	-3.770931e+00	1.471212e+02
2.470000e-06	-7.633615e-11	1.070128e-09	-4.875352e+00	1.233384e+02
2.480000e-06	-9.359888e-11	8.556163e-10	-5.977905e+00	9.819390e+01
2.490000e-06	-1.108259e-10	6.309517e-10	-7.078181e+00	7.177773e+01
2.500000e-06	-1.280082e-10	3.956733e-10	-8.175595e+00	4.422689e+01
2.510000e-06	-1.451387e-10	1.510269e-10	-9.269703e+00	1.572588e+01
2.520000e-06	-1.622155e-10	-9.926585e-11	-1.036039e+01	-1.349615e+01
2.530000e-06	-1.792383e-10	-3.525928e-10	-1.144762e+01	-4.317133e+01
2.540000e-06	-1.962021e-10	-6.077301e-10	-1.253108e+01	-7.300204e+01
2.550000e-06	-2.130968e-10	-8.641043e-10	-1.361013e+01	-1.026725e+02
2.560000e-06	-2.299115e-10	-1.116589e-09	-1.468407e+01	-1.318621e+02
2.570000e-06	-2.466380e-10	-1.361817e-09	-1.575237e+01	-1.602597e+02
2.580000e-06	-2.632709e-10	-1.598753e-09	-1.681470e+01	-1.875778e+02
2.590000e-06	-2.798034e-10	-1.825414e-09	-1.787062e+01	-2.135654e+02
2.600000e-06	-2.962279e-10	-2.038704e-09	-1.891963e+01	-2.380187e+02
2.610000e-06	-3.125386e-10	-2.234849e-09	-1.996138e+01	-2.607890e+02
2.620000e-06	-3.287260e-10	-2.414014e-09	-2.099526e+01	-2.817866e+02
2.630000e-06	-3.447805e-10	-2.577299e-09	-2.202064e+01	-3.009812e+02
2.640000e-06	-3.606981e-10	-2.726407e-09	-2.303728e+01	-3.183985e+02
2.650000e-06	-3.764743e-10	-2.860734e-09	-2.404489e+01	-3.341134e+02
2.660000e-06	-3.921023e-10	-2.980890e-09	-2.504303e+01	-3.482404e+02
2.670000e-06	-4.075786e-10	-3.088871e-09	-2.603149e+01	-3.609229e+02
2.680000e-06	-4.229004e-10	-3.187030e-09	-2.701008e+01	-3.723206e+02
2.690000e-06	-4.380619e-10	-3.277494e-09	-2.797843e+01	-3.825984e+02
2.700000e-06	-4.530569e-10	-3.359674e-09	-2.893615e+01	-3.919153e+02
2.710000e-06	-4.678827e-10	-3.434405e-09	-2.988305e+01	-4.004167e+02
2.720000e-06	-4.825356e-10	-3.503315e-09	-3.081892e+01	-4.082275e+02
2.730000e-06	-4.970091e-10	-3.568156e-09	-3.174333e+01	-4.154494e+02
2.740000e-06	-5.112923e-10	-3.628733e-09	-3.265559e+01	-4.221599e+02
2.750000e-06	-5.253755e-10	-3.684514e-09	-3.355506e+01	-4.284141e+02
2.760000e-06	-5.392536e-10	-3.736831e-09	-3.444145e+01	-4.342486e+02
2.770000e-06	-5.529229e-10	-3.785375e-09	-3.531449e+01	-4.396857e+02
2.780000e-06	-5.663804e-10	-3.829313e-09	-3.617401e+01	-4.447392e+02
2.790000e-06	-5.796245e-10	-3.868718e-09	-3.701990e+01	-4.494193e+02
2.800000e-06	-5.926540e-10	-3.905812e-09	-3.785208e+01	-4.537368e+02
2.810000e-06	-6.054646e-10	-3.941599e-09	-3.867029e+01	-4.577067e+02
2.820000e-06	-6.180494e-10	-3.975067e-09	-3.947407e+01	-4.613493e+02
2.830000e-06	-6.304023e-10	-4.005153e-09	-4.026303e+01	-4.646908e+02
2.840000e-06	-6.425250e-10	-4.031869e-09	-4.103730e+01	-4.677626e+02
2.850000e-06	-6.544093e-10	-4.056615e-09	-4.179634e+01	-4.705985e+02
2.860000e-06	-6.660250e-10	-4.080126e-09	-4.253823e+01	-4.732331e+02
2.870000e-06	-6.773461e-10	-4.101877e-09	-4.326129e+01	-4.756985e+02
2.880000e-06	-6.883793e-10	-4.120585e-09	-4.396597e+01	-4.780221e+02
2.890000e-06	-6.991563e-10	-4.138678e-09	-4.465429e+01	-4.802251e+02
2.900000e-06	-7.096875e-10	-4.157042e-09	-4.532691e+01	-4.823216e+02
2.910000e-06	-7.199517e-10	-4.174593e-09	-4.598247e+01	-4.843185e+02
2.920000e-06	-7.299377e-10	-4.190199e-09	-4.662027e+01	-4.862167e+02
2.930000e-06	-7.396547e-10	-4.203592e-09	-4.724089e+01	-4.880126e+02
2.940000e-06	-7.491000e-10	-4.216569e-09	-4.784416e+01	-4.897004e+02
2.950000e-06	-7.582635e-10	-4.229451e-09	-4.842942e+01	-4.912741e+02
2.960000e-06	-7.671490e-10	-4.240676e-09	-4.899693e+01	-4.927295e+02
2.970000e-06	-7.757551e-10	-4.249628e-09	-4.954660e+01	-4.940656e+02
2.980000e-06	-7.840763e-10	-4.257853e-09	-5.007807e+01	-4.952854e+02
2.990000e-06	-7.921067e-10	-4.266307e-09	-5.059096e+01	-4.963961e+02
3.000000e-06	-7.998251e-10	-4.274908e-09	-5.108393e+01	-4.974082e+02
3.010000e-06	-8.072243e-10	-4.283193e-09	-5.155651e+01	-4.983346e+02
3.020000e-06	-8.143111e-10	-4.291139e-09	-5.200914e+01	-4.991887e+02
3.030000e-06	-8.210938e-10	-4.298668e-09	-5.244234e+01	-4.999831e+02
3.040000e-06	-8.275805e-10	-4.305277e-09	-5.285665e+01	-5.007280e+02
3.050000e-06	-8.337593e-10	-4.308697e-09	-5.325129e+01	-5.014304e+02
3.060000e-06	-8.396281e-10	-4.309608e-09	-5.362612e+01	-5.020931e+02
3.070000e-06	-8.451777e-10	-4.311037e-09	-5.398057e+01	-5.027154e+02
3.080000e-06	-8.503875e-10	-4.314412e-09	-5.431332e+01	-5.032935e+02
3.090000e-06	-8.552513e-10	-4.319296e-09	-5.462397e+01	-5.038219e+02
3.100000e-06	-8.597807e-10	-4.324567e-09	-5.491326e+01	-5.042944e+02
3.110000e-06	-8.640061e-10	-4.329954e-09	-5.518313e+01	-5.047062e+02
3.120000e-06	-8.679237e-10	-4.332485e-09	-5.543335e+01	-5.050547e+02
3.130000e-06	-8.715180e-10	-4.331904e-09	-5.566292e+01	-5.053402e+02
3.140000e-06	-8.747932e-10	-4.330357e-09	-5.587210e+01	-5.055666e+02
3.150000e-06	-8.777382e-10	-4.328793e-09	-5.606020e+01	-5.057410e+02
3.160000e-06	-8.803520e-10	-4.327928e-09	-5.622714e+01	-5.058725e+02
3.170000e-06	-8.826389e-10	-4.329940e-09	-5.637321e+01	-5.059714e+02
3.180000e-06	-8.845976e-10	-4.332846e-09	-5.649831e+01	-5.060473e+02
3.190000e-06	-8.862321e-10	-4.334431e-09	-5.660271e+01	-5.061078e+02
3.200000e-06	-8.875172e-10	-4.333874e-09	-5.668479e+01	-5.061573e+02
3.210000e-06	-8.884465e-10	-4.331051e-09	-5.674415e+01	-5.061962e+02
3.220000e-06	-8.890385e-10	-4.327661e-09	-5.678196e+01	-5.062210e+02
3.230000e-06	-8.893028e-10	-4.324723e-09	-5.679884e+01	-5.062244e+02
3.240000e-06	-8.892460e-10	-4.322793e-09	-5.679522e+01	-5.061969e+02
