# Configuracion:
# Concentracion g/m^3_=_9950.0
# C_Vs_to_Am_M_A/Vsm_=_116720831517.84952
# pendiente_HvsI_1/m_=_3716.3
# ordenada_HvsI_A/m_=_1297.0
# frecuencia_ref_Hz_=_308269.1067041425
# 
Resultados:
# tau_s_=_(7.39+/-2.41)e+01
# dphi_rad_=_6.42+/-0.05
# SAR_W/g_=_488.76+/-92.17
# Hc_kA/m_=_9.88+/-2.15
# Mr_A/m_=_185.37+/-27.93
# Suceptibilidad_a_M=0_=_0.0234+/-0.0055
Nombre_archivo	Time_m_(s)	Temperatura_(ºC)	Mr_(A/m)	Hc_(kA/m)	Campo_max_(A/m)	Mag_max_(A/m)	f0	mag0	dphi0	SAR_(W/g)	Tau_(ns)	N	xi_M_0
300kHz_150dA_100Mss_bobN1C20008.txt	63.72	-174.38	157.99	15.48	57041.50	423.33	3.083021e+05	1.760832e+01	6.517633e+00	757.45	123.309023	4541	1.181e-02
300kHz_150dA_100Mss_bobN1C20009.txt	64.31	-168.90	156.42	15.16	57041.50	412.43	3.083021e+05	1.713344e+01	6.517753e+00	737.39	123.374393	4541	1.184e-02
300kHz_150dA_100Mss_bobN1C20010.txt	64.88	-163.20	153.78	15.36	57041.50	398.70	3.083021e+05	1.669690e+01	6.520604e+00	727.17	124.931920	4541	1.150e-02
300kHz_150dA_100Mss_bobN1C20011.txt	65.38	-158.39	153.85	15.98	57041.50	361.03	3.083021e+05	1.526229e+01	6.537822e+00	711.89	134.382321	4541	1.118e-02
300kHz_150dA_100Mss_bobN1C20012.txt	65.88	-153.64	154.53	16.36	57041.50	344.68	3.083021e+05	1.466255e+01	6.546193e+00	705.88	139.007199	4541	1.113e-02
300kHz_150dA_100Mss_bobN1C20013.txt	66.39	-148.99	152.07	16.42	57041.50	332.67	3.083021e+05	1.428478e+01	6.550555e+00	698.83	141.425359	4541	1.083e-02
300kHz_150dA_100Mss_bobN1C20014.txt	66.9	-144.40	151.15	16.59	57041.50	320.19	3.083021e+05	1.376005e+01	6.556035e+00	686.62	144.471617	4541	1.069e-02
300kHz_150dA_100Mss_bobN1C20015.txt	67.42	-139.51	152.19	16.51	57041.50	314.61	3.083021e+05	1.357813e+01	6.562021e+00	692.02	147.810807	4541	1.072e-02
300kHz_150dA_100Mss_bobN1C20016.txt	67.91	-134.86	148.28	16.21	57041.50	316.20	3.083021e+05	1.365489e+01	6.549925e+00	666.48	141.075504	4541	1.074e-02
300kHz_150dA_100Mss_bobN1C20017.txt	68.43	-131.59	147.82	16.35	57041.50	307.21	3.083021e+05	1.332800e+01	6.556266e+00	665.61	144.600304	4541	1.055e-02
300kHz_150dA_100Mss_bobN1C20018.txt	68.93	-128.79	146.95	16.31	57041.50	304.65	3.083021e+05	1.317943e+01	6.554360e+00	653.71	143.540128	4541	1.060e-02
300kHz_150dA_100Mss_bobN1C20023.txt	71.96	-111.91	143.63	16.21	57041.50	273.95	3.082343e+05	1.194990e+01	6.565492e+00	616.28	149.750729	4542	1.037e-02
300kHz_150dA_100Mss_bobN1C20024.txt	72.51	-110.48	141.93	15.54	57041.50	285.63	3.083021e+05	1.242576e+01	6.549195e+00	604.87	140.671849	4541	1.057e-02
300kHz_150dA_100Mss_bobN1C20025.txt	73.03	-109.15	139.39	15.24	57041.50	293.91	3.083021e+05	1.285117e+01	6.540299e+00	605.13	135.748843	4541	1.057e-02
300kHz_150dA_100Mss_bobN1C20026.txt	73.55	-106.55	138.58	15.36	57041.50	280.56	3.083021e+05	1.231340e+01	6.544219e+00	588.45	137.914833	4541	1.050e-02
300kHz_150dA_100Mss_bobN1C20027.txt	74.06	-104.02	137.32	15.07	57041.50	276.28	3.083021e+05	1.216647e+01	6.546859e+00	587.17	139.376259	4541	1.036e-02
300kHz_150dA_100Mss_bobN1C20028.txt	74.56	-101.72	138.90	14.97	57041.50	279.37	3.083021e+05	1.223851e+01	6.540918e+00	577.64	136.090397	4541	1.067e-02
300kHz_150dA_100Mss_bobN1C20029.txt	75.06	-99.44	139.44	15.36	57041.50	274.94	3.083021e+05	1.200489e+01	6.548244e+00	582.34	140.143484	4541	1.056e-02
300kHz_150dA_100Mss_bobN1C20030.txt	75.58	-97.21	135.62	14.79	57041.50	280.97	3.083021e+05	1.237810e+01	6.535805e+00	572.88	133.271447	4541	1.051e-02
300kHz_150dA_100Mss_bobN1C20031.txt	76.08	-95.11	137.53	14.74	57041.50	282.36	3.083021e+05	1.238608e+01	6.533773e+00	568.74	132.151807	4541	1.077e-02
300kHz_150dA_100Mss_bobN1C20032.txt	76.6	-93.24	135.28	14.40	57041.50	284.92	3.083021e+05	1.257671e+01	6.527652e+00	563.67	128.790614	4541	1.078e-02
300kHz_150dA_100Mss_bobN1C20033.txt	77.1	-91.47	136.49	14.46	57041.50	285.50	3.083021e+05	1.256229e+01	6.530157e+00	568.68	130.165772	4541	1.083e-02
300kHz_150dA_100Mss_bobN1C20034.txt	77.62	-89.75	138.63	14.17	57041.50	290.21	3.083021e+05	1.275272e+01	6.522988e+00	560.87	126.236169	4541	1.130e-02
300kHz_150dA_100Mss_bobN1C20035.txt	78.14	-88.18	139.05	14.35	57041.50	291.33	3.083021e+05	1.281337e+01	6.523749e+00	565.29	126.653603	4541	1.128e-02
300kHz_150dA_100Mss_bobN1C20036.txt	78.65	-87.00	139.01	14.10	57041.50	287.31	3.083021e+05	1.268907e+01	6.524488e+00	561.49	127.058301	4541	1.138e-02
300kHz_150dA_100Mss_bobN1C20037.txt	79.15	-85.72	139.45	14.15	57041.50	284.49	3.083021e+05	1.262194e+01	6.528237e+00	567.03	129.112837	4541	1.138e-02
300kHz_150dA_100Mss_bobN1C20038.txt	80.14	-82.59	142.70	14.33	57041.50	290.57	3.083021e+05	1.277387e+01	6.523999e+00	564.12	126.791443	4541	1.172e-02
300kHz_150dA_100Mss_bobN1C20039.txt	80.64	-81.14	143.02	14.12	57041.50	295.58	3.083021e+05	1.302149e+01	6.522670e+00	571.94	126.064683	4541	1.182e-02
300kHz_150dA_100Mss_bobN1C20040.txt	81.14	-79.72	141.75	13.78	57041.50	300.28	3.083021e+05	1.329211e+01	6.512181e+00	558.72	120.339986	4541	1.201e-02
300kHz_150dA_100Mss_bobN1C20041.txt	81.74	-78.10	144.93	13.45	57041.50	310.05	3.083021e+05	1.369187e+01	6.509835e+00	569.73	119.063897	4541	1.247e-02
300kHz_150dA_100Mss_bobN1C20042.txt	82.24	-76.87	143.13	13.18	57041.50	320.57	3.083021e+05	1.413979e+01	6.499274e+00	561.39	113.335178	4541	1.266e-02
300kHz_150dA_100Mss_bobN1C20043.txt	82.74	-75.77	146.25	13.34	57041.50	317.32	3.083021e+05	1.398767e+01	6.502308e+00	563.02	114.977984	4541	1.283e-02
300kHz_150dA_100Mss_bobN1C20044.txt	83.25	-74.58	144.78	13.38	57041.50	322.12	3.083021e+05	1.415360e+01	6.502871e+00	571.14	115.285092	4541	1.263e-02
300kHz_150dA_100Mss_bobN1C20045.txt	83.78	-73.25	145.26	13.35	57041.50	309.91	3.083021e+05	1.372415e+01	6.503011e+00	554.16	115.359366	4541	1.278e-02
300kHz_150dA_100Mss_bobN1C20046.txt	84.27	-72.19	143.24	13.23	57041.50	315.71	3.083021e+05	1.394444e+01	6.501746e+00	559.87	114.673473	4541	1.271e-02
300kHz_150dA_100Mss_bobN1C20047.txt	84.79	-71.20	146.47	12.85	57041.50	318.92	3.083021e+05	1.414672e+01	6.493808e+00	547.67	110.379983	4541	1.330e-02
300kHz_150dA_100Mss_bobN1C20048.txt	85.29	-70.25	147.70	13.18	57041.50	313.92	3.083021e+05	1.391466e+01	6.502223e+00	559.87	114.932194	4541	1.321e-02
300kHz_150dA_100Mss_bobN1C20049.txt	85.81	-69.26	147.07	12.90	57041.50	316.93	3.083021e+05	1.407526e+01	6.494913e+00	547.72	110.976458	4541	1.336e-02
300kHz_150dA_100Mss_bobN1C20050.txt	86.31	-68.28	146.99	12.80	57041.50	322.77	3.083021e+05	1.433253e+01	6.492759e+00	552.14	109.814310	4541	1.347e-02
300kHz_150dA_100Mss_bobN1C20051.txt	86.82	-67.26	151.05	12.65	57041.50	341.13	3.083021e+05	1.500564e+01	6.485738e+00	558.98	106.030217	4541	1.408e-02
300kHz_150dA_100Mss_bobN1C20052.txt	87.32	-65.84	149.59	12.85	57041.50	330.15	3.083021e+05	1.458941e+01	6.492491e+00	561.33	109.669008	4541	1.374e-02
300kHz_150dA_100Mss_bobN1C20053.txt	87.81	-64.23	147.84	12.74	57041.50	326.59	3.082343e+05	1.448833e+01	6.491818e+00	555.55	109.305541	4542	1.360e-02
300kHz_150dA_100Mss_bobN1C20054.txt	88.31	-63.17	149.83	12.52	57041.50	335.00	3.083021e+05	1.484644e+01	6.482833e+00	545.22	104.467224	4541	1.405e-02
300kHz_150dA_100Mss_bobN1C20055.txt	88.82	-62.45	152.76	12.49	57041.50	350.76	3.083021e+05	1.539240e+01	6.478429e+00	552.96	102.103431	4541	1.449e-02
300kHz_150dA_100Mss_bobN1C20056.txt	89.33	-62.00	150.58	12.65	57041.50	335.11	3.083021e+05	1.480553e+01	6.488307e+00	558.42	107.414915	4541	1.401e-02
300kHz_150dA_100Mss_bobN1C20057.txt	90.35	-60.83	147.86	12.20	57041.50	333.07	3.083021e+05	1.489621e+01	6.478807e+00	536.16	102.306317	4541	1.424e-02
300kHz_150dA_100Mss_bobN1C20058.txt	90.85	-59.73	150.88	12.17	57041.50	338.22	3.083021e+05	1.500086e+01	6.472000e+00	521.37	98.658231	4541	1.474e-02
300kHz_150dA_100Mss_bobN1C20059.txt	91.36	-58.97	151.51	12.22	57041.50	341.83	3.083021e+05	1.516770e+01	6.476689e+00	540.09	101.171098	4541	1.467e-02
300kHz_150dA_100Mss_bobN1C20060.txt	91.86	-58.37	151.58	12.31	57041.50	340.72	3.082343e+05	1.507976e+01	6.476487e+00	536.29	101.063103	4542	1.469e-02
300kHz_150dA_100Mss_bobN1C20061.txt	92.35	-57.64	151.71	12.19	57041.50	339.58	3.083021e+05	1.512528e+01	6.478255e+00	542.89	102.010801	4541	1.470e-02
300kHz_150dA_100Mss_bobN1C20062.txt	92.85	-56.84	151.49	11.96	57041.50	341.09	3.083021e+05	1.518386e+01	6.474319e+00	534.13	99.900683	4541	1.499e-02
300kHz_150dA_100Mss_bobN1C20063.txt	93.34	-56.09	154.16	12.12	57041.50	351.49	3.083021e+05	1.558919e+01	6.473597e+00	546.34	99.514753	4541	1.509e-02
300kHz_150dA_100Mss_bobN1C20064.txt	93.86	-55.31	157.18	12.13	57041.50	350.13	3.083021e+05	1.549019e+01	6.475645e+00	548.64	100.612151	4541	1.538e-02
300kHz_150dA_100Mss_bobN1C20065.txt	94.38	-54.61	152.63	11.78	57041.50	354.00	3.082343e+05	1.578218e+01	6.468567e+00	538.54	96.822891	4542	1.528e-02
300kHz_150dA_100Mss_bobN1C20066.txt	94.9	-53.93	155.47	11.72	57041.50	369.55	3.083021e+05	1.632550e+01	6.465298e+00	547.49	95.076985	4541	1.562e-02
300kHz_150dA_100Mss_bobN1C20067.txt	95.4	-53.20	153.40	11.64	57041.50	360.93	3.083021e+05	1.599750e+01	6.463184e+00	530.33	93.948972	4541	1.552e-02
300kHz_150dA_100Mss_bobN1C20068.txt	95.92	-52.42	155.18	11.73	57041.50	363.94	3.083021e+05	1.610966e+01	6.463815e+00	535.90	94.286026	4541	1.567e-02
300kHz_150dA_100Mss_bobN1C20069.txt	96.43	-51.70	151.88	11.43	57041.50	360.52	3.083021e+05	1.605318e+01	6.462249e+00	529.44	93.450969	4541	1.545e-02
300kHz_150dA_100Mss_bobN1C20070.txt	96.94	-50.98	155.60	11.43	57041.50	370.37	3.083021e+05	1.634611e+01	6.457515e+00	525.00	90.928226	4541	1.599e-02
300kHz_150dA_100Mss_bobN1C20071.txt	97.48	-50.37	154.93	11.46	57041.50	367.52	3.083021e+05	1.625017e+01	6.460888e+00	531.91	92.726400	4541	1.578e-02
300kHz_150dA_100Mss_bobN1C20072.txt	97.98	-49.82	156.28	11.54	57041.50	367.29	3.083021e+05	1.630109e+01	6.462415e+00	538.11	93.539719	4541	1.591e-02
300kHz_150dA_100Mss_bobN1C20073.txt	98.48	-49.37	155.21	11.42	57041.50	365.96	3.083021e+05	1.627813e+01	6.459433e+00	528.51	91.950164	4541	1.596e-02
300kHz_150dA_100Mss_bobN1C20074.txt	98.99	-48.91	160.27	11.61	57041.50	372.27	3.083021e+05	1.639992e+01	6.460158e+00	534.63	92.336670	4541	1.627e-02
300kHz_150dA_100Mss_bobN1C20075.txt	99.48	-48.52	157.41	11.44	57041.50	366.34	3.083021e+05	1.628590e+01	6.460188e+00	531.00	92.352959	4541	1.618e-02
300kHz_150dA_100Mss_bobN1C20076.txt	100.48	-47.72	158.20	11.36	57041.50	373.43	3.082343e+05	1.660153e+01	6.459551e+00	539.25	92.013597	4542	1.635e-02
300kHz_150dA_100Mss_bobN1C20077.txt	101.0	-47.30	158.19	11.18	57041.50	377.54	3.083021e+05	1.674085e+01	6.453985e+00	526.90	89.051008	4541	1.663e-02
300kHz_150dA_100Mss_bobN1C20078.txt	101.5	-46.80	158.37	10.96	57041.50	381.42	3.083021e+05	1.690534e+01	6.446797e+00	509.89	85.233488	4541	1.708e-02
300kHz_150dA_100Mss_bobN1C20079.txt	101.99	-46.31	158.42	11.11	57041.50	373.29	3.083021e+05	1.663055e+01	6.454815e+00	525.94	89.491823	4541	1.678e-02
300kHz_150dA_100Mss_bobN1C20080.txt	102.5	-45.65	156.73	10.89	57041.50	375.08	3.083021e+05	1.673103e+01	6.448961e+00	511.24	86.381779	4541	1.694e-02
300kHz_150dA_100Mss_bobN1C20081.txt	103.09	-44.95	158.81	10.92	57041.50	380.88	3.083021e+05	1.690597e+01	6.446923e+00	510.29	85.300048	4541	1.718e-02
300kHz_150dA_100Mss_bobN1C20082.txt	103.6	-44.64	162.31	11.09	57041.50	382.46	3.083021e+05	1.700271e+01	6.452370e+00	530.13	88.192422	4541	1.725e-02
300kHz_150dA_100Mss_bobN1C20083.txt	104.12	-44.35	158.91	10.88	57041.50	380.70	3.083021e+05	1.702174e+01	6.448212e+00	517.80	85.984041	4541	1.726e-02
300kHz_150dA_100Mss_bobN1C20084.txt	104.66	-44.14	162.84	10.98	57041.50	381.64	3.083021e+05	1.692836e+01	6.448568e+00	516.06	86.173423	4541	1.759e-02
300kHz_150dA_100Mss_bobN1C20085.txt	105.17	-43.86	163.37	10.90	57041.50	389.79	3.083021e+05	1.730662e+01	6.452633e+00	540.43	88.333004	4541	1.763e-02
300kHz_150dA_100Mss_bobN1C20086.txt	105.67	-43.46	163.75	10.90	57041.50	386.78	3.083021e+05	1.723409e+01	6.449342e+00	527.81	86.584171	4541	1.780e-02
300kHz_150dA_100Mss_bobN1C20087.txt	106.17	-43.05	165.50	10.91	57041.50	386.19	3.083021e+05	1.717893e+01	6.447857e+00	521.46	85.795595	4541	1.806e-02
300kHz_150dA_100Mss_bobN1C20088.txt	106.67	-42.60	164.98	10.71	57041.50	394.67	3.083021e+05	1.753458e+01	6.445397e+00	524.38	84.491708	4541	1.813e-02
300kHz_150dA_100Mss_bobN1C20089.txt	107.18	-42.19	164.49	10.62	57041.50	398.20	3.083021e+05	1.768095e+01	6.443991e+00	524.21	83.746835	4541	1.820e-02
300kHz_150dA_100Mss_bobN1C20090.txt	107.71	-41.87	166.99	10.77	57041.50	392.51	3.083021e+05	1.745794e+01	6.446230e+00	524.74	84.933562	4541	1.847e-02
300kHz_150dA_100Mss_bobN1C20091.txt	108.22	-41.55	167.82	10.84	57041.50	394.24	3.083021e+05	1.757199e+01	6.449414e+00	538.39	86.624067	4541	1.840e-02
300kHz_150dA_100Mss_bobN1C20092.txt	108.73	-41.19	166.77	10.80	57041.50	401.33	3.083021e+05	1.786578e+01	6.443644e+00	528.56	83.563586	4541	1.836e-02
300kHz_150dA_100Mss_bobN1C20093.txt	109.23	-40.82	168.48	10.60	57041.50	399.05	3.083021e+05	1.778051e+01	6.440733e+00	516.58	82.021588	4541	1.890e-02
300kHz_150dA_100Mss_bobN1C20094.txt	109.73	-40.42	170.39	10.64	57041.50	400.34	3.083021e+05	1.783313e+01	6.445466e+00	533.53	84.528860	4541	1.892e-02
300kHz_150dA_100Mss_bobN1C20095.txt	110.73	-40.05	171.62	10.68	57041.50	406.92	3.083021e+05	1.812716e+01	6.443335e+00	535.27	83.400235	4541	1.914e-02
300kHz_150dA_100Mss_bobN1C20096.txt	111.22	-39.76	172.54	10.57	57041.50	405.67	3.083021e+05	1.809619e+01	6.440852e+00	526.14	82.084467	4541	1.948e-02
300kHz_150dA_100Mss_bobN1C20097.txt	111.71	-39.22	172.86	10.56	57041.50	410.70	3.083021e+05	1.833389e+01	6.439354e+00	528.03	81.291768	4541	1.959e-02
300kHz_150dA_100Mss_bobN1C20098.txt	112.22	-38.75	174.20	10.57	57041.50	407.56	3.083021e+05	1.820176e+01	6.441712e+00	532.07	82.540035	4541	1.975e-02
300kHz_150dA_100Mss_bobN1C20099.txt	112.72	-38.40	179.40	10.51	57041.50	427.40	3.083021e+05	1.891400e+01	6.440267e+00	547.89	81.774722	4541	2.037e-02
300kHz_150dA_100Mss_bobN1C20100.txt	113.23	-38.08	180.96	10.49	57041.50	428.22	3.083021e+05	1.889954e+01	6.439203e+00	543.80	81.211758	4541	2.047e-02
300kHz_150dA_100Mss_bobN1C20101.txt	113.72	-37.84	178.44	10.65	57041.50	418.60	3.083021e+05	1.865999e+01	6.440060e+00	539.83	81.665829	4541	2.023e-02
300kHz_150dA_100Mss_bobN1C20102.txt	114.24	-37.53	181.73	10.58	57041.50	433.60	3.083021e+05	1.919801e+01	6.436526e+00	542.98	79.796940	4541	2.076e-02
300kHz_150dA_100Mss_bobN1C20103.txt	114.75	-37.17	179.59	10.42	57041.50	421.91	3.083021e+05	1.885832e+01	6.435127e+00	528.55	79.056992	4541	2.086e-02
300kHz_150dA_100Mss_bobN1C20104.txt	115.26	-36.69	182.42	10.50	57041.50	417.56	3.083021e+05	1.867630e+01	6.441183e+00	544.14	82.259748	4541	2.083e-02
300kHz_150dA_100Mss_bobN1C20105.txt	115.75	-36.10	183.00	10.47	57041.50	435.87	3.083021e+05	1.938964e+01	6.433955e+00	539.28	78.437935	4541	2.126e-02
300kHz_150dA_100Mss_bobN1C20106.txt	116.25	-35.70	185.40	10.40	57041.50	442.57	3.083021e+05	1.960066e+01	6.432714e+00	540.69	77.782146	4541	2.152e-02
300kHz_150dA_100Mss_bobN1C20107.txt	116.75	-35.50	188.56	10.58	57041.50	433.97	3.083021e+05	1.930263e+01	6.441880e+00	564.84	82.629200	4541	2.158e-02
300kHz_150dA_100Mss_bobN1C20108.txt	117.25	-35.25	186.87	10.48	57041.50	430.31	3.083021e+05	1.923298e+01	6.436507e+00	543.90	79.785919	4541	2.159e-02
300kHz_150dA_100Mss_bobN1C20109.txt	117.79	-34.93	187.47	10.36	57041.50	435.52	3.083021e+05	1.941593e+01	6.434583e+00	542.24	78.769062	4541	2.193e-02
300kHz_150dA_100Mss_bobN1C20110.txt	118.31	-34.43	191.86	10.48	57041.50	438.01	3.083021e+05	1.947586e+01	6.434398e+00	543.25	78.671167	4541	2.228e-02
300kHz_150dA_100Mss_bobN1C20111.txt	118.83	-33.80	189.11	10.30	57041.50	438.34	3.083021e+05	1.955549e+01	6.432413e+00	538.37	77.622743	4541	2.233e-02
300kHz_150dA_100Mss_bobN1C20112.txt	119.34	-33.50	192.92	10.45	57041.50	441.52	3.083021e+05	1.970470e+01	6.435336e+00	553.02	79.167295	4541	2.265e-02
300kHz_150dA_100Mss_bobN1C20113.txt	119.93	-33.32	192.60	10.35	57041.50	440.89	3.083021e+05	1.967392e+01	6.435785e+00	553.77	79.404430	4541	2.254e-02
300kHz_150dA_100Mss_bobN1C20114.txt	120.98	-32.61	193.51	10.31	57041.50	438.39	3.083021e+05	1.959339e+01	6.433158e+00	542.08	78.016455	4541	2.295e-02
300kHz_150dA_100Mss_bobN1C20115.txt	121.51	-32.29	194.55	10.39	57041.50	442.84	3.083021e+05	1.988282e+01	6.433622e+00	551.78	78.261709	4541	2.297e-02
300kHz_150dA_100Mss_bobN1C20116.txt	122.03	-31.98	196.41	10.34	57041.50	449.03	3.083021e+05	2.006328e+01	6.430436e+00	545.08	76.580127	4541	2.334e-02
300kHz_150dA_100Mss_bobN1C20117.txt	122.55	-31.72	200.35	10.45	57041.50	444.45	3.083021e+05	1.986925e+01	6.435198e+00	557.14	79.094484	4541	2.354e-02
300kHz_150dA_100Mss_bobN1C20118.txt	123.08	-31.46	199.17	10.37	57041.50	442.37	3.083021e+05	1.985139e+01	6.432902e+00	548.29	77.881181	4541	2.367e-02
300kHz_150dA_100Mss_bobN1C20119.txt	123.66	-31.17	199.76	10.36	57041.50	445.32	3.083021e+05	1.998353e+01	6.433005e+00	552.32	77.936122	4541	2.377e-02
300kHz_150dA_100Mss_bobN1C20120.txt	124.17	-30.81	203.98	10.44	57041.50	450.68	3.083021e+05	2.010529e+01	6.432807e+00	554.96	77.831140	4541	2.430e-02
300kHz_150dA_100Mss_bobN1C20121.txt	124.68	-30.25	205.73	10.57	57041.50	448.55	3.083021e+05	2.002706e+01	6.435655e+00	563.24	79.336243	4541	2.432e-02
300kHz_150dA_100Mss_bobN1C20122.txt	125.19	-29.71	204.68	10.37	57041.50	449.60	3.083021e+05	2.010572e+01	6.431812e+00	551.30	77.305937	4541	2.438e-02
300kHz_150dA_100Mss_bobN1C20123.txt	125.69	-29.21	202.40	10.23	57041.50	452.07	3.083021e+05	2.023774e+01	6.431716e+00	554.57	77.255547	4541	2.449e-02
300kHz_150dA_100Mss_bobN1C20124.txt	126.19	-28.84	207.96	10.47	57041.50	447.73	3.083021e+05	2.005666e+01	6.434162e+00	558.59	78.546762	4541	2.457e-02
300kHz_150dA_100Mss_bobN1C20125.txt	126.7	-28.69	208.89	10.37	57041.50	452.14	3.083021e+05	2.018434e+01	6.433189e+00	558.55	78.032557	4541	2.493e-02
300kHz_150dA_100Mss_bobN1C20126.txt	127.2	-28.48	210.47	10.42	57041.50	456.74	3.083021e+05	2.042846e+01	6.434289e+00	569.42	78.613381	4541	2.518e-02
300kHz_150dA_100Mss_bobN1C20127.txt	127.68	-28.19	209.53	10.18	57041.50	477.29	3.083021e+05	2.122015e+01	6.427973e+00	566.94	75.279506	4541	2.550e-02
300kHz_150dA_100Mss_bobN1C20128.txt	128.2	-27.94	208.75	10.25	57041.50	462.03	3.083021e+05	2.069187e+01	6.429202e+00	557.48	75.927781	4541	2.535e-02
300kHz_150dA_100Mss_bobN1C20129.txt	128.71	-27.79	212.23	10.46	57041.50	455.13	3.082343e+05	2.042502e+01	6.436201e+00	576.34	79.624461	4542	2.526e-02
300kHz_150dA_100Mss_bobN1C20130.txt	129.2	-27.56	212.44	10.40	57041.50	457.92	3.083021e+05	2.054767e+01	6.430821e+00	559.69	76.782819	4541	2.546e-02
300kHz_150dA_100Mss_bobN1C20131.txt	129.71	-27.20	210.92	10.25	57041.50	454.67	3.083021e+05	2.044814e+01	6.429748e+00	552.96	76.216250	4541	2.567e-02
300kHz_150dA_100Mss_bobN1C20132.txt	130.21	-26.81	211.87	10.28	57041.50	459.18	3.083021e+05	2.066069e+01	6.429962e+00	559.52	76.329848	4541	2.577e-02
300kHz_150dA_100Mss_bobN1C20133.txt	131.21	-26.02	213.89	10.28	57041.50	462.17	3.083021e+05	2.072556e+01	6.433502e+00	574.72	78.199130	4541	2.590e-02
300kHz_150dA_100Mss_bobN1C20134.txt	131.72	-25.81	215.90	10.31	57041.50	460.29	3.083021e+05	2.066970e+01	6.431170e+00	564.34	76.966988	4541	2.625e-02
300kHz_150dA_100Mss_bobN1C20135.txt	132.27	-25.59	216.22	10.33	57041.50	461.77	3.083021e+05	2.077834e+01	6.429842e+00	562.25	76.266437	4541	2.627e-02
300kHz_150dA_100Mss_bobN1C20136.txt	132.78	-25.39	218.72	10.38	57041.50	461.75	3.083021e+05	2.074241e+01	6.430744e+00	564.70	76.742510	4541	2.640e-02
300kHz_150dA_100Mss_bobN1C20137.txt	133.27	-25.16	216.96	10.34	57041.50	456.76	3.083021e+05	2.063879e+01	6.432558e+00	568.74	77.699839	4541	2.626e-02
300kHz_150dA_100Mss_bobN1C20138.txt	133.8	-24.90	218.49	10.39	57041.50	460.32	3.083021e+05	2.078210e+01	6.432430e+00	572.20	77.631942	4541	2.640e-02
300kHz_150dA_100Mss_bobN1C20139.txt	134.34	-24.66	219.30	10.29	57041.50	459.21	3.083021e+05	2.071571e+01	6.429419e+00	558.95	76.042723	4541	2.690e-02
300kHz_150dA_100Mss_bobN1C20140.txt	134.84	-24.46	221.77	10.23	57041.50	468.49	3.083021e+05	2.097972e+01	6.427960e+00	560.47	75.273362	4541	2.734e-02
300kHz_150dA_100Mss_bobN1C20141.txt	135.36	-24.11	219.68	10.22	57041.50	466.81	3.083021e+05	2.103462e+01	6.428215e+00	562.92	75.408169	4541	2.706e-02
300kHz_150dA_100Mss_bobN1C20142.txt	135.86	-23.71	221.80	10.36	57041.50	463.14	3.083021e+05	2.094221e+01	6.431345e+00	572.45	77.059561	4541	2.702e-02
300kHz_150dA_100Mss_bobN1C20143.txt	136.36	-23.64	221.77	10.18	57041.50	470.32	3.082343e+05	2.110640e+01	6.431074e+00	575.76	76.916666	4542	2.750e-02
300kHz_150dA_100Mss_bobN1C20144.txt	136.86	-23.69	226.78	10.42	57041.50	469.92	3.083021e+05	2.112021e+01	6.435870e+00	594.81	79.450019	4541	2.734e-02
300kHz_150dA_100Mss_bobN1C20145.txt	137.37	-23.48	225.41	10.32	57041.50	469.76	3.083021e+05	2.114941e+01	6.431240e+00	577.70	77.004326	4541	2.757e-02
300kHz_150dA_100Mss_bobN1C20146.txt	137.87	-23.18	227.08	10.39	57041.50	468.41	3.083021e+05	2.112029e+01	6.431938e+00	579.61	77.373317	4541	2.763e-02
300kHz_150dA_100Mss_bobN1C20147.txt	138.38	-22.80	227.32	10.35	57041.50	475.09	3.083021e+05	2.133745e+01	6.431122e+00	582.38	76.942824	4541	2.782e-02
300kHz_150dA_100Mss_bobN1C20148.txt	138.89	-22.39	226.80	10.40	57041.50	471.25	3.083021e+05	2.123918e+01	6.431225e+00	580.10	76.997148	4541	2.763e-02
300kHz_150dA_100Mss_bobN1C20149.txt	139.42	-22.22	228.41	10.46	57041.50	469.65	3.083021e+05	2.115157e+01	6.431827e+00	580.04	77.314756	4541	2.800e-02
300kHz_150dA_100Mss_bobN1C20150.txt	139.92	-22.12	227.94	10.40	57041.50	475.58	3.083021e+05	2.143739e+01	6.431817e+00	587.84	77.309826	4541	2.776e-02
300kHz_150dA_100Mss_bobN1C20151.txt	140.42	-21.93	227.39	10.37	57041.50	463.63	3.083021e+05	2.092357e+01	6.432345e+00	575.77	77.588412	4541	2.777e-02
300kHz_150dA_100Mss_bobN1C20152.txt	141.43	-21.53	228.95	10.36	57041.50	468.45	3.083021e+05	2.115114e+01	6.432639e+00	583.17	77.744215	4541	2.808e-02
300kHz_150dA_100Mss_bobN1C20153.txt	141.95	-21.32	229.72	10.27	57041.50	470.33	3.083021e+05	2.121813e+01	6.427216e+00	563.94	74.881680	4541	2.855e-02
300kHz_150dA_100Mss_bobN1C20154.txt	142.45	-20.99	232.54	10.31	57041.50	479.20	3.083021e+05	2.151010e+01	6.429924e+00	582.37	76.310351	4541	2.861e-02
300kHz_150dA_100Mss_bobN1C20155.txt	142.96	-20.63	229.68	10.33	57041.50	475.35	3.083021e+05	2.149718e+01	6.429145e+00	578.96	75.899666	4541	2.825e-02
300kHz_150dA_100Mss_bobN1C20156.txt	143.54	-20.60	231.78	10.38	57041.50	476.46	3.083021e+05	2.148267e+01	6.429281e+00	579.10	75.971195	4541	2.841e-02
300kHz_150dA_100Mss_bobN1C20157.txt	144.05	-20.58	232.72	10.42	57041.50	474.47	3.083021e+05	2.138853e+01	6.430249e+00	580.36	76.481941	4541	2.851e-02
300kHz_150dA_100Mss_bobN1C20158.txt	144.56	-20.38	231.10	10.37	57041.50	475.89	3.083021e+05	2.151490e+01	6.430511e+00	584.82	76.620215	4541	2.837e-02
300kHz_150dA_100Mss_bobN1C20159.txt	145.09	-20.16	231.54	10.28	57041.50	481.60	3.083021e+05	2.170406e+01	6.427840e+00	579.34	75.211334	4541	2.873e-02
300kHz_150dA_100Mss_bobN1C20160.txt	145.59	-19.96	233.37	10.33	57041.50	478.33	3.083021e+05	2.157576e+01	6.428979e+00	580.42	75.812212	4541	2.875e-02
300kHz_150dA_100Mss_bobN1C20161.txt	146.09	-19.76	233.07	10.21	57041.50	481.64	3.083021e+05	2.162145e+01	6.426448e+00	571.62	74.476994	4541	2.913e-02
300kHz_150dA_100Mss_bobN1C20162.txt	146.62	-19.55	230.80	10.10	57041.50	482.50	3.083021e+05	2.169616e+01	6.423070e+00	560.16	72.696788	4541	2.928e-02
300kHz_150dA_100Mss_bobN1C20163.txt	147.12	-19.36	231.59	10.20	57041.50	482.75	3.083021e+05	2.178588e+01	6.425455e+00	572.00	73.953823	4541	2.894e-02
300kHz_150dA_100Mss_bobN1C20164.txt	147.61	-19.22	234.37	10.26	57041.50	484.02	3.083021e+05	2.177646e+01	6.426456e+00	575.75	74.481534	4541	2.905e-02
300kHz_150dA_100Mss_bobN1C20165.txt	148.13	-18.98	231.51	10.22	57041.50	480.33	3.083021e+05	2.163121e+01	6.430641e+00	588.49	76.688886	4541	2.880e-02
300kHz_150dA_100Mss_bobN1C20166.txt	148.63	-18.53	235.15	10.35	57041.50	476.98	3.083021e+05	2.152774e+01	6.429260e+00	580.23	75.960340	4541	2.893e-02
300kHz_150dA_100Mss_bobN1C20167.txt	149.13	-18.17	233.42	10.27	57041.50	477.77	3.083021e+05	2.160904e+01	6.428654e+00	580.02	75.640465	4541	2.896e-02
300kHz_150dA_100Mss_bobN1C20168.txt	149.62	-18.08	233.25	10.15	57041.50	481.05	3.083021e+05	2.168709e+01	6.423969e+00	563.50	73.170529	4541	2.942e-02
300kHz_150dA_100Mss_bobN1C20169.txt	150.11	-17.96	232.83	10.32	57041.50	478.45	3.083021e+05	2.162723e+01	6.426229e+00	570.90	74.361702	4541	2.876e-02
300kHz_150dA_100Mss_bobN1C20170.txt	150.64	-17.74	234.61	10.32	57041.50	474.87	3.083021e+05	2.147243e+01	6.429597e+00	580.07	76.138008	4541	2.898e-02
300kHz_150dA_100Mss_bobN1C20171.txt	151.65	-17.47	231.91	10.17	57041.50	481.10	3.083021e+05	2.168148e+01	6.425492e+00	569.41	73.973336	4541	2.904e-02
300kHz_150dA_100Mss_bobN1C20172.txt	152.16	-17.35	232.77	10.30	57041.50	474.49	3.083021e+05	2.148596e+01	6.428255e+00	575.15	75.430039	4541	2.876e-02
300kHz_150dA_100Mss_bobN1C20173.txt	152.67	-17.20	232.84	10.36	57041.50	475.27	3.083021e+05	2.149189e+01	6.429693e+00	580.97	76.189003	4541	2.862e-02
300kHz_150dA_100Mss_bobN1C20174.txt	153.15	-17.02	233.95	10.28	57041.50	477.21	3.083021e+05	2.155349e+01	6.430304e+00	585.05	76.511578	4541	2.887e-02
300kHz_150dA_100Mss_bobN1C20175.txt	153.66	-16.77	234.41	10.30	57041.50	479.26	3.083021e+05	2.163230e+01	6.428887e+00	581.57	75.762476	4541	2.882e-02
300kHz_150dA_100Mss_bobN1C20176.txt	154.17	-16.57	233.52	10.18	57041.50	484.17	3.083021e+05	2.176951e+01	6.423861e+00	565.21	73.113892	4541	2.916e-02
300kHz_150dA_100Mss_bobN1C20177.txt	154.68	-16.46	232.68	10.20	57041.50	474.71	3.083021e+05	2.144049e+01	6.427025e+00	569.10	74.780648	4541	2.901e-02
300kHz_150dA_100Mss_bobN1C20178.txt	155.17	-16.32	231.38	10.15	57041.50	478.75	3.083021e+05	2.159116e+01	6.425140e+00	565.64	73.787552	4541	2.890e-02
300kHz_150dA_100Mss_bobN1C20179.txt	155.67	-16.07	233.73	10.14	57041.50	485.61	3.083021e+05	2.188542e+01	6.424429e+00	570.50	73.412901	4541	2.923e-02
300kHz_150dA_100Mss_bobN1C20180.txt	156.2	-15.86	232.56	10.27	57041.50	477.21	3.083021e+05	2.150604e+01	6.428334e+00	576.00	75.472003	4541	2.864e-02
300kHz_150dA_100Mss_bobN1C20181.txt	156.71	-15.76	229.90	10.14	57041.50	476.76	3.082343e+05	2.153866e+01	6.425407e+00	565.20	73.928274	4542	2.879e-02
300kHz_150dA_100Mss_bobN1C20182.txt	157.22	-15.61	227.69	9.95	57041.50	483.15	3.083021e+05	2.171483e+01	6.421220e+00	553.27	71.723618	4541	2.892e-02
300kHz_150dA_100Mss_bobN1C20183.txt	157.74	-15.40	229.83	10.07	57041.50	479.58	3.083021e+05	2.167829e+01	6.423996e+00	563.38	73.184633	4541	2.888e-02
300kHz_150dA_100Mss_bobN1C20184.txt	158.24	-15.16	228.87	10.13	57041.50	473.84	3.083021e+05	2.143266e+01	6.426766e+00	567.88	74.645107	4541	2.853e-02
300kHz_150dA_100Mss_bobN1C20185.txt	158.74	-14.86	229.56	10.14	57041.50	473.23	3.083021e+05	2.137805e+01	6.427298e+00	568.51	74.925448	4541	2.853e-02
300kHz_150dA_100Mss_bobN1C20186.txt	159.25	-14.62	227.96	10.06	57041.50	474.43	3.083021e+05	2.142812e+01	6.423907e+00	556.53	73.138593	4541	2.862e-02
300kHz_150dA_100Mss_bobN1C20187.txt	159.74	-14.48	226.41	10.05	57041.50	476.27	3.082343e+05	2.149511e+01	6.422894e+00	554.15	72.605392	4542	2.857e-02
300kHz_150dA_100Mss_bobN1C20188.txt	160.24	-14.35	227.81	10.05	57041.50	473.09	3.083021e+05	2.135346e+01	6.424924e+00	558.57	73.674598	4541	2.856e-02
300kHz_150dA_100Mss_bobN1C20189.txt	160.76	-14.25	225.55	9.98	57041.50	471.58	3.082343e+05	2.130170e+01	6.424906e+00	557.02	73.665317	4542	2.853e-02
300kHz_150dA_100Mss_bobN1C20190.txt	161.79	-13.96	223.92	9.83	57041.50	467.09	3.083021e+05	2.107919e+01	6.421494e+00	538.14	71.867912	4541	2.860e-02
300kHz_150dA_100Mss_bobN1C20191.txt	162.3	-13.81	225.77	9.95	57041.50	475.36	3.082343e+05	2.145458e+01	6.424630e+00	559.93	73.520012	4542	2.820e-02
300kHz_150dA_100Mss_bobN1C20192.txt	162.82	-13.65	223.45	9.92	57041.50	469.95	3.083021e+05	2.120765e+01	6.424263e+00	552.18	73.326691	4541	2.807e-02
300kHz_150dA_100Mss_bobN1C20193.txt	163.32	-13.44	224.42	9.94	57041.50	470.65	3.083021e+05	2.125594e+01	6.421251e+00	541.70	71.741118	4541	2.829e-02
300kHz_150dA_100Mss_bobN1C20194.txt	163.91	-13.15	226.28	9.94	57041.50	470.14	3.083021e+05	2.117173e+01	6.422790e+00	545.53	72.550404	4541	2.853e-02
300kHz_150dA_100Mss_bobN1C20195.txt	164.42	-13.10	222.41	9.99	57041.50	466.80	3.083021e+05	2.110003e+01	6.423656e+00	547.04	73.007713	4541	2.781e-02
300kHz_150dA_100Mss_bobN1C20196.txt	164.92	-13.10	224.30	9.97	57041.50	471.37	3.083021e+05	2.123371e+01	6.423057e+00	548.17	72.691703	4541	2.811e-02
300kHz_150dA_100Mss_bobN1C20197.txt	165.41	-12.40	217.41	9.65	57041.50	471.36	3.083021e+05	2.127317e+01	6.417111e+00	525.98	69.562491	4541	2.776e-02
300kHz_150dA_100Mss_bobN1C20198.txt	165.92	-11.54	227.18	9.95	57041.50	478.99	3.082343e+05	2.145140e+01	6.422729e+00	552.38	72.518871	4542	2.832e-02
300kHz_150dA_100Mss_bobN1C20199.txt	166.44	-11.14	221.34	9.82	57041.50	476.34	3.083021e+05	2.145268e+01	6.418995e+00	537.84	70.553972	4541	2.804e-02
300kHz_150dA_100Mss_bobN1C20200.txt	166.94	-10.84	219.90	9.72	57041.50	473.82	3.083021e+05	2.137219e+01	6.417674e+00	530.64	69.859096	4541	2.810e-02
300kHz_150dA_100Mss_bobN1C20201.txt	167.45	-10.58	218.98	9.68	57041.50	471.12	3.083021e+05	2.124574e+01	6.418115e+00	529.22	70.090167	4541	2.780e-02
300kHz_150dA_100Mss_bobN1C20202.txt	167.95	-10.33	219.40	9.73	57041.50	468.81	3.083021e+05	2.112972e+01	6.418032e+00	526.01	70.046059	4541	2.805e-02
300kHz_150dA_100Mss_bobN1C20203.txt	168.44	-10.04	217.55	9.67	57041.50	465.70	3.083021e+05	2.106153e+01	6.419513e+00	530.03	70.825409	4541	2.776e-02
300kHz_150dA_100Mss_bobN1C20204.txt	168.93	-9.74	216.92	9.70	57041.50	465.37	3.082343e+05	2.102428e+01	6.418660e+00	525.69	70.376971	4542	2.753e-02
300kHz_150dA_100Mss_bobN1C20205.txt	169.43	-9.36	214.35	9.58	57041.50	465.83	3.082343e+05	2.109841e+01	6.417841e+00	524.37	69.945595	4542	2.745e-02
300kHz_150dA_100Mss_bobN1C20206.txt	169.92	-8.96	217.43	9.71	57041.50	467.65	3.083021e+05	2.107321e+01	6.418757e+00	527.40	70.427838	4541	2.770e-02
300kHz_150dA_100Mss_bobN1C20207.txt	170.41	-8.65	217.27	9.64	57041.50	467.46	3.083021e+05	2.103205e+01	6.417047e+00	519.78	69.529399	4541	2.756e-02
300kHz_150dA_100Mss_bobN1C20208.txt	170.92	-8.35	212.50	9.52	57041.50	465.24	3.083021e+05	2.100531e+01	6.416012e+00	515.12	68.985186	4541	2.725e-02
300kHz_150dA_100Mss_bobN1C20209.txt	171.95	-7.92	213.80	9.50	57041.50	470.57	3.083021e+05	2.121381e+01	6.416954e+00	523.90	69.479942	4541	2.739e-02
300kHz_150dA_100Mss_bobN1C20210.txt	172.46	-7.72	212.58	9.51	57041.50	461.45	3.083021e+05	2.087343e+01	6.416794e+00	514.88	69.396126	4541	2.730e-02
300kHz_150dA_100Mss_bobN1C20211.txt	172.96	-7.52	212.30	9.53	57041.50	468.20	3.083021e+05	2.113479e+01	6.416144e+00	518.81	69.054561	4541	2.720e-02
300kHz_150dA_100Mss_bobN1C20212.txt	173.46	-7.18	214.97	9.70	57041.50	460.31	3.083021e+05	2.069763e+01	6.419210e+00	519.72	70.667241	4541	2.733e-02
300kHz_150dA_100Mss_bobN1C20213.txt	173.96	-6.83	212.35	9.43	57041.50	463.22	3.083021e+05	2.087883e+01	6.415072e+00	508.42	68.491249	4541	2.737e-02
300kHz_150dA_100Mss_bobN1C20214.txt	174.47	-6.38	213.11	9.40	57041.50	462.96	3.083021e+05	2.078921e+01	6.415698e+00	508.62	68.819884	4541	2.753e-02
300kHz_150dA_100Mss_bobN1C20215.txt	174.96	-5.94	211.36	9.52	57041.50	459.57	3.083021e+05	2.075334e+01	6.417167e+00	513.34	69.592692	4541	2.703e-02
300kHz_150dA_100Mss_bobN1C20216.txt	175.45	-5.32	212.84	9.52	57041.50	465.91	3.083021e+05	2.097486e+01	6.417313e+00	519.39	69.669289	4541	2.710e-02
300kHz_150dA_100Mss_bobN1C20217.txt	175.95	-4.67	210.92	9.37	57041.50	461.32	3.083021e+05	2.079822e+01	6.412840e+00	497.93	67.318060	4541	2.734e-02
300kHz_150dA_100Mss_bobN1C20218.txt	176.45	-4.33	208.77	9.28	57041.50	458.67	3.083021e+05	2.073979e+01	6.411421e+00	491.13	66.572742	4541	2.707e-02
300kHz_150dA_100Mss_bobN1C20219.txt	176.94	-4.04	211.20	9.31	57041.50	468.62	3.083021e+05	2.106606e+01	6.412042e+00	501.26	66.898823	4541	2.727e-02
300kHz_150dA_100Mss_bobN1C20220.txt	177.45	-3.69	208.25	9.33	57041.50	460.52	3.083021e+05	2.080212e+01	6.412873e+00	498.15	67.335256	4541	2.679e-02
300kHz_150dA_100Mss_bobN1C20221.txt	177.94	-3.34	208.64	9.31	57041.50	461.69	3.083021e+05	2.079929e+01	6.411980e+00	494.68	66.866949	4541	2.691e-02
300kHz_150dA_100Mss_bobN1C20222.txt	178.44	-2.99	207.26	9.22	57041.50	462.12	3.083021e+05	2.080614e+01	6.410513e+00	489.23	66.097027	4541	2.694e-02
300kHz_150dA_100Mss_bobN1C20223.txt	178.93	-2.65	208.18	9.31	57041.50	459.63	3.083021e+05	2.074022e+01	6.412568e+00	495.51	67.175647	4541	2.687e-02
300kHz_150dA_100Mss_bobN1C20224.txt	179.51	-2.24	205.51	9.22	57041.50	461.62	3.083021e+05	2.088535e+01	6.413324e+00	501.87	67.572819	4541	2.663e-02
300kHz_150dA_100Mss_bobN1C20225.txt	179.99	-1.91	207.85	9.24	57041.50	462.61	3.083021e+05	2.085307e+01	6.413183e+00	500.56	67.498792	4541	2.694e-02
300kHz_150dA_100Mss_bobN1C20226.txt	180.49	-1.56	208.20	9.26	57041.50	460.55	3.083021e+05	2.074885e+01	6.410980e+00	489.67	66.342518	4541	2.694e-02
300kHz_150dA_100Mss_bobN1C20227.txt	180.99	-1.21	206.54	9.32	57041.50	456.28	3.083021e+05	2.057389e+01	6.414048e+00	497.13	67.953683	4541	2.652e-02
300kHz_150dA_100Mss_bobN1C20228.txt	181.97	-0.72	203.67	9.07	57041.50	457.73	3.082343e+05	2.068403e+01	6.408522e+00	478.69	65.052514	4542	2.703e-02
300kHz_150dA_100Mss_bobN1C20229.txt	182.48	-0.46	201.47	9.09	57041.50	452.78	3.083021e+05	2.051389e+01	6.409068e+00	476.91	65.338343	4541	2.663e-02
300kHz_150dA_100Mss_bobN1C20230.txt	182.99	-0.20	203.89	9.18	57041.50	460.22	3.083021e+05	2.078362e+01	6.412427e+00	496.01	67.102335	4541	2.646e-02
300kHz_150dA_100Mss_bobN1C20231.txt	183.49	0.05	204.95	9.16	57041.50	459.62	3.083021e+05	2.072098e+01	6.411119e+00	489.53	66.415283	4541	2.667e-02
300kHz_150dA_100Mss_bobN1C20232.txt	184.0	0.30	202.09	9.12	57041.50	455.29	3.083021e+05	2.056928e+01	6.410701e+00	484.37	66.196454	4541	2.643e-02
300kHz_150dA_100Mss_bobN1C20233.txt	184.59	0.89	201.56	9.13	57041.50	455.47	3.083021e+05	2.059828e+01	6.410380e+00	483.84	66.027558	4541	2.648e-02
300kHz_150dA_100Mss_bobN1C20234.txt	185.1	1.35	202.54	9.14	57041.50	453.49	3.082343e+05	2.051865e+01	6.412910e+00	491.39	67.355793	4542	2.646e-02
300kHz_150dA_100Mss_bobN1C20235.txt	185.61	1.61	200.78	8.95	57041.50	455.76	3.083021e+05	2.054187e+01	6.406396e+00	467.48	63.937405	4541	2.680e-02
300kHz_150dA_100Mss_bobN1C20236.txt	186.12	1.90	201.35	8.89	57041.50	460.68	3.083021e+05	2.071529e+01	6.404801e+00	465.35	63.100987	4541	2.707e-02
300kHz_150dA_100Mss_bobN1C20237.txt	186.64	2.31	201.52	8.96	57041.50	457.88	3.083021e+05	2.061251e+01	6.405696e+00	466.44	63.570193	4541	2.678e-02
300kHz_150dA_100Mss_bobN1C20238.txt	187.16	2.66	201.91	9.06	57041.50	447.77	3.083021e+05	2.024426e+01	6.410524e+00	476.06	66.102874	4541	2.662e-02
300kHz_150dA_100Mss_bobN1C20239.txt	187.68	2.87	199.55	8.97	57041.50	453.57	3.083021e+05	2.053000e+01	6.407477e+00	471.29	64.504368	4541	2.651e-02
300kHz_150dA_100Mss_bobN1C20240.txt	188.21	3.15	201.70	9.08	57041.50	450.90	3.083021e+05	2.036682e+01	6.410084e+00	477.30	65.872093	4541	2.646e-02
300kHz_150dA_100Mss_bobN1C20241.txt	188.75	3.53	199.62	8.93	57041.50	453.45	3.083021e+05	2.048887e+01	6.406523e+00	466.75	64.004255	4541	2.661e-02
300kHz_150dA_100Mss_bobN1C20242.txt	189.27	3.81	200.46	8.97	57041.50	451.58	3.083021e+05	2.040487e+01	6.408664e+00	472.87	65.127028	4541	2.662e-02
300kHz_150dA_100Mss_bobN1C20243.txt	189.79	4.02	198.16	8.92	57041.50	451.01	3.083021e+05	2.034881e+01	6.407882e+00	468.64	64.717515	4541	2.643e-02
300kHz_150dA_100Mss_bobN1C20244.txt	190.29	4.10	200.96	9.04	57041.50	453.76	3.083021e+05	2.043838e+01	6.408012e+00	471.20	64.785492	4541	2.656e-02
300kHz_150dA_100Mss_bobN1C20245.txt	190.82	4.10	195.69	8.86	57041.50	449.83	3.083021e+05	2.039665e+01	6.404051e+00	455.38	62.708996	4541	2.635e-02
300kHz_150dA_100Mss_bobN1C20246.txt	191.31	4.35	198.96	8.90	57041.50	447.69	3.083021e+05	2.025186e+01	6.407722e+00	465.82	64.633096	4541	2.651e-02
300kHz_150dA_100Mss_bobN1C20247.txt	192.34	5.10	196.59	8.87	57041.50	449.88	3.083021e+05	2.040083e+01	6.406673e+00	465.31	64.083500	4541	2.632e-02
300kHz_150dA_100Mss_bobN1C20248.txt	192.86	5.42	198.06	8.83	57041.50	452.71	3.083021e+05	2.043083e+01	6.404589e+00	458.17	62.991301	4541	2.667e-02
300kHz_150dA_100Mss_bobN1C20249.txt	193.38	5.69	194.76	8.72	57041.50	458.37	3.083021e+05	2.067683e+01	6.402731e+00	456.62	62.017726	4541	2.657e-02
300kHz_150dA_100Mss_bobN1C20250.txt	193.9	5.95	195.80	8.72	57041.50	458.11	3.083021e+05	2.059696e+01	6.405353e+00	464.78	63.391429	4541	2.656e-02
300kHz_150dA_100Mss_bobN1C20251.txt	194.42	6.21	196.06	8.82	57041.50	448.24	3.083021e+05	2.025546e+01	6.402877e+00	447.86	62.094253	4541	2.652e-02
300kHz_150dA_100Mss_bobN1C20252.txt	194.93	6.47	192.85	8.70	57041.50	453.87	3.082343e+05	2.051202e+01	6.402108e+00	450.53	61.691451	4542	2.615e-02
300kHz_150dA_100Mss_bobN1C20253.txt	195.44	6.76	192.57	8.73	57041.50	444.12	3.083021e+05	2.014903e+01	6.402835e+00	445.35	62.072300	4541	2.628e-02
300kHz_150dA_100Mss_bobN1C20254.txt	195.96	7.08	196.73	8.68	57041.50	467.76	3.083021e+05	2.095992e+01	6.400148e+00	452.92	60.665726	4541	2.669e-02
300kHz_150dA_100Mss_bobN1C20255.txt	196.47	7.43	196.32	8.70	57041.50	463.65	3.083021e+05	2.080373e+01	6.401054e+00	453.01	61.139810	4541	2.683e-02
300kHz_150dA_100Mss_bobN1C20256.txt	197.0	7.80	195.25	8.78	57041.50	448.33	3.083021e+05	2.025833e+01	6.404754e+00	454.91	63.077697	4541	2.637e-02
300kHz_150dA_100Mss_bobN1C20257.txt	197.5	8.05	193.92	8.79	57041.50	439.87	3.083021e+05	1.993009e+01	6.405017e+00	448.51	63.215474	4541	2.624e-02
300kHz_150dA_100Mss_bobN1C20258.txt	198.02	8.31	189.98	8.62	57041.50	450.77	3.083021e+05	2.038210e+01	6.399534e+00	438.13	60.343994	4541	2.597e-02
300kHz_150dA_100Mss_bobN1C20259.txt	198.56	8.47	191.04	8.55	57041.50	449.11	3.083021e+05	2.030584e+01	6.399863e+00	437.72	60.515441	4541	2.650e-02
300kHz_150dA_100Mss_bobN1C20260.txt	199.08	8.64	192.22	8.60	57041.50	452.16	3.083021e+05	2.042010e+01	6.399515e+00	438.88	60.333082	4541	2.634e-02
300kHz_150dA_100Mss_bobN1C20261.txt	199.59	8.90	191.93	8.55	57041.50	452.64	3.083021e+05	2.038953e+01	6.400613e+00	442.34	60.908009	4541	2.636e-02
300kHz_150dA_100Mss_bobN1C20262.txt	200.1	9.13	189.85	8.47	57041.50	456.11	3.083021e+05	2.059320e+01	6.399659e+00	443.14	60.408150	4541	2.631e-02
300kHz_150dA_100Mss_bobN1C20263.txt	200.61	9.28	189.08	8.55	57041.50	453.13	3.083021e+05	2.044701e+01	6.396907e+00	429.65	58.968564	4541	2.610e-02
300kHz_150dA_100Mss_bobN1C20264.txt	201.11	9.47	190.65	8.50	57041.50	451.49	3.083021e+05	2.033695e+01	6.398400e+00	432.92	59.749778	4541	2.635e-02
300kHz_150dA_100Mss_bobN1C20265.txt	201.6	9.76	190.69	8.55	57041.50	450.11	3.083021e+05	2.031441e+01	6.399072e+00	434.95	60.101508	4541	2.624e-02
300kHz_150dA_100Mss_bobN1C20266.txt	202.59	10.24	191.11	8.57	57041.50	451.80	3.083021e+05	2.031302e+01	6.398961e+00	434.51	60.043956	4541	2.622e-02
300kHz_150dA_100Mss_bobN1C20267.txt	203.09	10.45	189.61	8.52	57041.50	447.33	3.083021e+05	2.019977e+01	6.400403e+00	437.44	60.798610	4541	2.606e-02
300kHz_150dA_100Mss_bobN1C20268.txt	203.6	10.70	185.80	8.42	57041.50	445.89	3.083021e+05	2.018754e+01	6.395474e+00	418.87	58.219627	4541	2.600e-02
300kHz_150dA_100Mss_bobN1C20269.txt	204.12	10.98	188.47	8.43	57041.50	453.92	3.083021e+05	2.043294e+01	6.395820e+00	425.26	58.400762	4541	2.629e-02
300kHz_150dA_100Mss_bobN1C20270.txt	204.63	11.34	186.68	8.39	57041.50	450.14	3.083021e+05	2.032792e+01	6.395722e+00	422.71	58.349085	4541	2.611e-02
300kHz_150dA_100Mss_bobN1C20271.txt	205.16	11.66	186.86	8.42	57041.50	453.20	3.082343e+05	2.043075e+01	6.396523e+00	427.77	58.768470	4542	2.584e-02
300kHz_150dA_100Mss_bobN1C20272.txt	205.73	11.89	189.81	8.52	57041.50	449.56	3.082343e+05	2.023552e+01	6.400963e+00	440.20	61.092137	4542	2.611e-02
300kHz_150dA_100Mss_bobN1C20273.txt	206.25	12.05	187.18	8.44	57041.50	446.01	3.083021e+05	2.012163e+01	6.398287e+00	427.92	59.691469	4541	2.599e-02
300kHz_150dA_100Mss_bobN1C20274.txt	206.77	12.15	186.53	8.44	57041.50	445.29	3.083021e+05	2.009016e+01	6.397423e+00	424.06	59.239272	4541	2.595e-02
300kHz_150dA_100Mss_bobN1C20275.txt	207.27	12.36	189.62	8.44	57041.50	452.13	3.083021e+05	2.033067e+01	6.397135e+00	428.06	59.088671	4541	2.638e-02
300kHz_150dA_100Mss_bobN1C20276.txt	207.79	12.67	186.38	8.45	57041.50	446.96	3.083021e+05	2.015477e+01	6.397930e+00	427.30	59.504432	4541	2.590e-02
300kHz_150dA_100Mss_bobN1C20277.txt	208.35	12.97	185.52	8.37	57041.50	446.04	3.083021e+05	2.011399e+01	6.394100e+00	412.26	57.501391	4541	2.581e-02
300kHz_150dA_100Mss_bobN1C20278.txt	208.86	13.23	184.94	8.41	57041.50	445.22	3.083021e+05	2.010471e+01	6.397941e+00	426.28	59.510442	4541	2.582e-02
300kHz_150dA_100Mss_bobN1C20279.txt	209.36	13.44	183.42	8.25	57041.50	452.71	3.083021e+05	2.039887e+01	6.392009e+00	410.25	56.409123	4541	2.580e-02
300kHz_150dA_100Mss_bobN1C20280.txt	209.88	13.65	186.68	8.25	57041.50	465.14	3.083021e+05	2.083093e+01	6.391822e+00	418.22	56.310576	4541	2.648e-02
300kHz_150dA_100Mss_bobN1C20281.txt	210.4	13.78	186.82	8.41	57041.50	450.50	3.083021e+05	2.027376e+01	6.397589e+00	428.55	59.326215	4541	2.604e-02
300kHz_150dA_100Mss_bobN1C20282.txt	210.92	13.88	185.01	8.38	57041.50	448.26	3.083021e+05	2.015218e+01	6.395575e+00	418.51	58.272256	4541	2.588e-02
300kHz_150dA_100Mss_bobN1C20283.txt	211.43	14.12	183.71	8.31	57041.50	455.70	3.083021e+05	2.051263e+01	6.394449e+00	421.75	57.684116	4541	2.591e-02
300kHz_150dA_100Mss_bobN1C20284.txt	211.93	14.37	183.49	8.26	57041.50	453.43	3.083021e+05	2.038668e+01	6.394569e+00	419.61	57.746453	4541	2.569e-02
300kHz_150dA_100Mss_bobN1C20285.txt	212.96	14.69	183.66	8.17	57041.50	458.18	3.083021e+05	2.057188e+01	6.391470e+00	411.69	56.126526	4541	2.605e-02
300kHz_150dA_100Mss_bobN1C20286.txt	213.46	14.70	180.60	8.06	57041.50	464.75	3.083021e+05	2.088884e+01	6.387032e+00	400.96	53.809240	4541	2.597e-02
300kHz_150dA_100Mss_bobN1C20287.txt	213.97	14.70	181.20	8.18	57041.50	460.68	3.083021e+05	2.069157e+01	6.390044e+00	408.65	55.381893	4541	2.571e-02
300kHz_150dA_100Mss_bobN1C20288.txt	214.5	15.10	182.72	8.17	57041.50	458.32	3.082343e+05	2.060861e+01	6.391515e+00	412.50	56.150370	4542	2.599e-02
300kHz_150dA_100Mss_bobN1C20289.txt	215.02	15.51	179.69	8.02	57041.50	456.61	3.082343e+05	2.048215e+01	6.389091e+00	400.83	54.884724	4542	2.607e-02
300kHz_150dA_100Mss_bobN1C20290.txt	215.54	15.66	183.12	8.27	57041.50	450.15	3.083021e+05	2.022729e+01	6.393120e+00	410.93	56.989544	4541	2.563e-02
300kHz_150dA_100Mss_bobN1C20291.txt	216.05	15.82	183.04	8.22	57041.50	456.46	3.083021e+05	2.043511e+01	6.390805e+00	406.45	55.779855	4541	2.587e-02
300kHz_150dA_100Mss_bobN1C20292.txt	216.56	15.97	182.11	8.13	57041.50	464.23	3.082343e+05	2.076428e+01	6.388847e+00	405.42	54.757384	4542	2.606e-02
300kHz_150dA_100Mss_bobN1C20293.txt	217.07	16.16	179.89	8.06	57041.50	458.57	3.083021e+05	2.060681e+01	6.386836e+00	394.80	53.707224	4541	2.595e-02
300kHz_150dA_100Mss_bobN1C20294.txt	217.6	16.58	181.22	8.11	57041.50	456.32	3.083021e+05	2.048565e+01	6.388265e+00	397.87	54.453165	4541	2.599e-02
300kHz_150dA_100Mss_bobN1C20295.txt	218.11	16.91	182.89	8.20	57041.50	459.10	3.083021e+05	2.055226e+01	6.390972e+00	409.41	55.866958	4541	2.584e-02
300kHz_150dA_100Mss_bobN1C20296.txt	218.63	16.96	180.69	8.07	57041.50	461.85	3.083021e+05	2.071517e+01	6.387948e+00	401.12	54.287755	4541	2.593e-02
300kHz_150dA_100Mss_bobN1C20297.txt	219.14	17.06	178.35	7.95	57041.50	462.68	3.082343e+05	2.071604e+01	6.384059e+00	386.21	52.258538	4542	2.611e-02
300kHz_150dA_100Mss_bobN1C20298.txt	219.67	17.27	179.43	8.04	57041.50	455.79	3.083021e+05	2.045577e+01	6.385164e+00	385.61	52.835092	4541	2.597e-02
300kHz_150dA_100Mss_bobN1C20299.txt	220.2	17.50	180.93	8.15	57041.50	459.54	3.083021e+05	2.057093e+01	6.388370e+00	399.93	54.508602	4541	2.579e-02
300kHz_150dA_100Mss_bobN1C20300.txt	220.73	17.76	179.78	8.03	57041.50	457.17	3.083021e+05	2.049326e+01	6.386535e+00	391.49	53.550564	4541	2.593e-02
300kHz_150dA_100Mss_bobN1C20301.txt	221.24	17.95	177.79	7.92	57041.50	459.46	3.082343e+05	2.062295e+01	6.384710e+00	386.95	52.598262	4542	2.613e-02
300kHz_150dA_100Mss_bobN1C20302.txt	221.75	18.05	176.02	7.96	57041.50	453.61	3.082343e+05	2.035742e+01	6.387590e+00	392.77	54.101596	4542	2.569e-02
300kHz_150dA_100Mss_bobN1C20303.txt	222.27	18.21	177.15	7.81	57041.50	459.41	3.083021e+05	2.049894e+01	6.385578e+00	387.99	53.050971	4541	2.624e-02
300kHz_150dA_100Mss_bobN1C20304.txt	223.29	18.67	177.57	7.93	57041.50	458.32	3.083021e+05	2.052218e+01	6.386954e+00	393.63	53.769048	4541	2.591e-02
300kHz_150dA_100Mss_bobN1C20305.txt	223.81	18.99	176.58	7.96	57041.50	456.16	3.083021e+05	2.047884e+01	6.383548e+00	379.95	51.992039	4541	2.579e-02
300kHz_150dA_100Mss_bobN1C20306.txt	224.31	19.29	179.51	7.98	57041.50	459.27	3.083021e+05	2.054922e+01	6.386289e+00	391.63	53.421741	4541	2.609e-02
300kHz_150dA_100Mss_bobN1C20307.txt	224.83	19.60	178.98	8.00	57041.50	458.52	3.083021e+05	2.055089e+01	6.387498e+00	396.24	54.053123	4541	2.594e-02
300kHz_150dA_100Mss_bobN1C20308.txt	225.33	19.70	179.01	8.00	57041.50	465.22	3.083021e+05	2.078118e+01	6.388866e+00	405.91	54.767446	4541	2.593e-02
300kHz_150dA_100Mss_bobN1C20309.txt	225.92	19.70	177.83	8.00	57041.50	457.43	3.083021e+05	2.047147e+01	6.387048e+00	393.01	53.818140	4541	2.577e-02
300kHz_150dA_100Mss_bobN1C20310.txt	226.41	19.78	173.71	7.73	57041.50	465.29	3.083021e+05	2.081250e+01	6.382317e+00	381.42	51.350185	4541	2.604e-02
300kHz_150dA_100Mss_bobN1C20311.txt	226.91	19.88	174.19	7.82	57041.50	463.36	3.083021e+05	2.073467e+01	6.381780e+00	377.94	51.070556	4541	2.581e-02
300kHz_150dA_100Mss_bobN1C20312.txt	227.41	20.02	175.74	8.01	57041.50	461.30	3.083021e+05	2.068900e+01	6.389149e+00	405.19	54.916210	4541	2.536e-02
300kHz_150dA_100Mss_bobN1C20313.txt	227.91	20.17	177.52	7.94	57041.50	455.59	3.083021e+05	2.046180e+01	6.386249e+00	389.81	53.401289	4541	2.587e-02
300kHz_150dA_100Mss_bobN1C20314.txt	228.42	20.33	172.65	7.73	57041.50	462.52	3.083021e+05	2.058923e+01	6.383862e+00	383.19	52.156505	4541	2.585e-02
300kHz_150dA_100Mss_bobN1C20315.txt	228.93	20.48	178.82	7.91	57041.50	464.72	3.083021e+05	2.072599e+01	6.383856e+00	385.71	52.152962	4541	2.614e-02
300kHz_150dA_100Mss_bobN1C20316.txt	229.45	20.64	174.59	7.82	57041.50	455.79	3.083021e+05	2.042744e+01	6.384239e+00	381.59	52.352756	4541	2.587e-02
300kHz_150dA_100Mss_bobN1C20317.txt	229.95	20.78	171.94	7.71	57041.50	461.80	3.082343e+05	2.065350e+01	6.381683e+00	376.01	51.020337	4542	2.565e-02
300kHz_150dA_100Mss_bobN1C20318.txt	230.47	20.94	171.46	7.68	57041.50	457.40	3.083021e+05	2.052757e+01	6.379113e+00	364.07	49.679784	4541	2.602e-02
300kHz_150dA_100Mss_bobN1C20319.txt	230.97	21.09	171.34	7.68	57041.50	463.09	3.083021e+05	2.072226e+01	6.379299e+00	368.24	49.777281	4541	2.594e-02
300kHz_150dA_100Mss_bobN1C20320.txt	231.47	21.29	174.00	7.84	57041.50	458.76	3.083021e+05	2.060935e+01	6.382484e+00	378.33	51.437601	4541	2.573e-02
300kHz_150dA_100Mss_bobN1C20321.txt	231.97	21.49	172.85	7.75	57041.50	459.34	3.083021e+05	2.056307e+01	6.383060e+00	379.66	51.737823	4541	2.587e-02
300kHz_150dA_100Mss_bobN1C20322.txt	232.48	21.55	173.13	7.80	57041.50	461.27	3.083021e+05	2.066452e+01	6.382948e+00	381.11	51.679635	4541	2.578e-02
300kHz_150dA_100Mss_bobN1C20323.txt	233.48	21.74	172.58	7.78	57041.50	462.13	3.083021e+05	2.064547e+01	6.380867e+00	372.84	50.594850	4541	2.577e-02
300kHz_150dA_100Mss_bobN1C20324.txt	233.99	21.90	172.57	7.63	57041.50	464.71	3.083021e+05	2.069850e+01	6.378712e+00	365.58	49.470946	4541	2.618e-02
300kHz_150dA_100Mss_bobN1C20325.txt	234.52	22.26	171.17	7.64	57041.50	457.49	3.083021e+05	2.041958e+01	6.381097e+00	369.62	50.714338	4541	2.596e-02
300kHz_150dA_100Mss_bobN1C20326.txt	235.03	22.62	170.11	7.59	57041.50	459.69	3.083021e+05	2.050295e+01	6.377772e+00	358.57	48.981574	4541	2.600e-02
300kHz_150dA_100Mss_bobN1C20327.txt	235.54	22.87	172.94	7.67	57041.50	467.82	3.083021e+05	2.084527e+01	6.380094e+00	373.48	50.191397	4541	2.610e-02
300kHz_150dA_100Mss_bobN1C20328.txt	236.05	23.11	173.52	7.76	57041.50	468.15	3.083021e+05	2.086130e+01	6.379695e+00	372.23	49.983235	4541	2.591e-02
300kHz_150dA_100Mss_bobN1C20329.txt	236.55	23.21	171.01	7.68	57041.50	462.88	3.083021e+05	2.071016e+01	6.378917e+00	366.56	49.577521	4541	2.583e-02
300kHz_150dA_100Mss_bobN1C20330.txt	237.08	23.32	167.19	7.47	57041.50	464.17	3.083021e+05	2.070149e+01	6.376216e+00	356.10	48.170365	4541	2.597e-02
300kHz_150dA_100Mss_bobN1C20331.txt	237.58	23.42	169.97	7.62	57041.50	463.12	3.083021e+05	2.073453e+01	6.379456e+00	369.06	49.858419	4541	2.584e-02
300kHz_150dA_100Mss_bobN1C20332.txt	238.09	23.53	172.03	7.78	57041.50	466.50	3.083021e+05	2.084031e+01	6.381296e+00	378.01	50.818348	4541	2.557e-02
300kHz_150dA_100Mss_bobN1C20333.txt	238.6	23.68	169.78	7.66	57041.50	462.84	3.083021e+05	2.069449e+01	6.379143e+00	367.15	49.695687	4541	2.569e-02
300kHz_150dA_100Mss_bobN1C20334.txt	239.11	23.82	171.91	7.78	57041.50	456.64	3.083021e+05	2.043178e+01	6.382879e+00	376.56	51.643964	4541	2.552e-02
300kHz_150dA_100Mss_bobN1C20335.txt	239.67	23.93	168.73	7.59	57041.50	460.31	3.083021e+05	2.054469e+01	6.377940e+00	359.93	49.068467	4541	2.581e-02
300kHz_150dA_100Mss_bobN1C20336.txt	240.19	24.04	171.10	7.71	57041.50	457.52	3.083021e+05	2.047468e+01	6.380315e+00	367.67	50.306448	4541	2.575e-02
300kHz_150dA_100Mss_bobN1C20337.txt	240.69	24.14	170.75	7.63	57041.50	467.01	3.083021e+05	2.085151e+01	6.377891e+00	365.12	49.043099	4541	2.586e-02
300kHz_150dA_100Mss_bobN1C20338.txt	241.25	24.28	172.05	7.70	57041.50	471.16	3.083021e+05	2.099112e+01	6.378991e+00	371.82	49.616673	4541	2.592e-02
300kHz_150dA_100Mss_bobN1C20339.txt	241.81	24.44	170.46	7.62	57041.50	467.13	3.083021e+05	2.075100e+01	6.378868e+00	367.10	49.552584	4541	2.588e-02
300kHz_150dA_100Mss_bobN1C20340.txt	242.34	24.57	168.59	7.61	57041.50	465.42	3.083021e+05	2.075692e+01	6.376243e+00	357.16	48.185164	4541	2.570e-02
300kHz_150dA_100Mss_bobN1C20341.txt	242.86	24.67	166.48	7.57	57041.50	458.06	3.083021e+05	2.052402e+01	6.378215e+00	360.61	49.212114	4541	2.549e-02
300kHz_150dA_100Mss_bobN1C20342.txt	244.0	25.40	166.62	7.51	57041.50	464.01	3.083021e+05	2.067973e+01	6.374791e+00	350.30	47.429317	4541	2.548e-02
300kHz_150dA_100Mss_bobN1C20343.txt	244.49	25.50	166.97	7.50	57041.50	461.80	3.083021e+05	2.054745e+01	6.374574e+00	347.23	47.315815	4541	2.553e-02
300kHz_150dA_100Mss_bobN1C20344.txt	245.0	25.60	164.23	7.35	57041.50	468.45	3.083021e+05	2.076325e+01	6.371061e+00	337.43	45.487598	4541	2.568e-02
300kHz_150dA_100Mss_bobN1C20345.txt	245.49	25.70	165.96	7.42	57041.50	467.68	3.083021e+05	2.076773e+01	6.372938e+00	344.69	46.464534	4541	2.589e-02
300kHz_150dA_100Mss_bobN1C20346.txt	246.0	25.80	164.68	7.49	57041.50	458.90	3.083021e+05	2.049583e+01	6.374294e+00	345.30	47.170054	4541	2.524e-02
300kHz_150dA_100Mss_bobN1C20347.txt	246.51	25.90	165.08	7.48	57041.50	460.88	3.083021e+05	2.050032e+01	6.374240e+00	345.17	47.142009	4541	2.530e-02
300kHz_150dA_100Mss_bobN1C20348.txt	247.04	26.01	167.86	7.47	57041.50	483.23	3.083021e+05	2.142079e+01	6.374026e+00	359.82	47.030165	4541	2.575e-02
300kHz_150dA_100Mss_bobN1C20349.txt	247.56	26.11	163.92	7.38	57041.50	464.07	3.083021e+05	2.067910e+01	6.373377e+00	344.89	46.692398	4541	2.544e-02
300kHz_150dA_100Mss_bobN1C20350.txt	248.07	26.21	163.88	7.32	57041.50	474.98	3.083021e+05	2.108048e+01	6.369724e+00	337.38	44.791388	4541	2.548e-02
300kHz_150dA_100Mss_bobN1C20351.txt	248.64	26.33	162.57	7.42	57041.50	459.38	3.083021e+05	2.051046e+01	6.374323e+00	345.66	47.185271	4541	2.512e-02
300kHz_150dA_100Mss_bobN1C20352.txt	249.19	26.46	163.31	7.42	57041.50	463.44	3.083021e+05	2.065841e+01	6.371598e+00	337.77	45.766693	4541	2.551e-02
300kHz_150dA_100Mss_bobN1C20353.txt	249.69	26.61	163.38	7.39	57041.50	465.11	3.083021e+05	2.062345e+01	6.373059e+00	342.76	46.527681	4541	2.530e-02
300kHz_150dA_100Mss_bobN1C20354.txt	250.25	26.75	165.52	7.53	57041.50	458.89	3.083021e+05	2.046015e+01	6.374448e+00	345.28	47.250650	4541	2.549e-02
300kHz_150dA_100Mss_bobN1C20355.txt	250.76	26.85	163.85	7.39	57041.50	461.33	3.083021e+05	2.053223e+01	6.370786e+00	332.63	45.344283	4541	2.546e-02
300kHz_150dA_100Mss_bobN1C20356.txt	251.33	27.03	162.89	7.42	57041.50	458.84	3.083021e+05	2.048674e+01	6.371301e+00	333.84	45.612697	4541	2.522e-02
300kHz_150dA_100Mss_bobN1C20357.txt	251.84	27.24	160.98	7.29	57041.50	459.42	3.083021e+05	2.043838e+01	6.371216e+00	332.73	45.568238	4541	2.528e-02
300kHz_150dA_100Mss_bobN1C20358.txt	252.35	27.30	161.22	7.34	57041.50	459.71	3.083021e+05	2.051755e+01	6.371427e+00	334.82	45.677834	4541	2.525e-02
300kHz_150dA_100Mss_bobN1C20359.txt	252.95	27.30	164.66	7.42	57041.50	464.86	3.083021e+05	2.064631e+01	6.371572e+00	337.47	45.753747	4541	2.548e-02
300kHz_150dA_100Mss_bobN1C20360.txt	253.44	27.56	164.97	7.48	57041.50	456.00	3.083021e+05	2.035838e+01	6.373619e+00	340.45	46.818886	4541	2.553e-02
300kHz_150dA_100Mss_bobN1C20361.txt	254.45	27.94	163.78	7.46	57041.50	460.09	3.082343e+05	2.045998e+01	6.375024e+00	347.37	47.550698	4542	2.519e-02
300kHz_150dA_100Mss_bobN1C20362.txt	254.95	27.99	158.82	7.25	57041.50	459.78	3.083021e+05	2.039573e+01	6.371125e+00	331.69	45.521008	4541	2.486e-02
300kHz_150dA_100Mss_bobN1C20363.txt	255.47	28.24	161.31	7.33	57041.50	462.42	3.083021e+05	2.047245e+01	6.373400e+00	341.53	46.705604	4541	2.517e-02
300kHz_150dA_100Mss_bobN1C20364.txt	255.99	28.50	161.55	7.29	57041.50	462.43	3.083021e+05	2.053999e+01	6.369736e+00	328.78	44.798418	4541	2.519e-02
300kHz_150dA_100Mss_bobN1C20365.txt	256.5	28.55	162.48	7.46	57041.50	459.93	3.083021e+05	2.050432e+01	6.372396e+00	338.27	46.183151	4541	2.523e-02
300kHz_150dA_100Mss_bobN1C20366.txt	257.01	28.60	161.70	7.29	57041.50	469.64	3.082343e+05	2.085804e+01	6.369442e+00	332.67	44.645870	4542	2.523e-02
300kHz_150dA_100Mss_bobN1C20367.txt	257.58	28.72	159.52	7.18	57041.50	459.74	3.082343e+05	2.034671e+01	6.369687e+00	325.43	44.772747	4542	2.526e-02
300kHz_150dA_100Mss_bobN1C20368.txt	258.09	28.83	159.60	7.28	57041.50	457.90	3.083021e+05	2.039254e+01	6.371364e+00	332.54	45.645232	4541	2.489e-02
300kHz_150dA_100Mss_bobN1C20369.txt	258.6	28.98	159.19	7.26	57041.50	461.96	3.083021e+05	2.054962e+01	6.369944e+00	329.72	44.906289	4541	2.492e-02
300kHz_150dA_100Mss_bobN1C20370.txt	259.08	29.11	159.96	7.22	57041.50	465.90	3.083021e+05	2.066459e+01	6.369965e+00	331.65	44.917128	4541	2.512e-02
300kHz_150dA_100Mss_bobN1C20371.txt	259.59	29.16	161.74	7.38	57041.50	465.17	3.083021e+05	2.062628e+01	6.372189e+00	339.49	46.074596	4541	2.508e-02
300kHz_150dA_100Mss_bobN1C20372.txt	260.11	29.23	158.21	7.14	57041.50	467.51	3.082343e+05	2.070553e+01	6.368456e+00	326.47	44.132225	4542	2.521e-02
300kHz_150dA_100Mss_bobN1C20373.txt	260.61	29.38	162.69	7.37	57041.50	461.53	3.083021e+05	2.057686e+01	6.371243e+00	335.09	45.581973	4541	2.538e-02
300kHz_150dA_100Mss_bobN1C20374.txt	261.12	29.51	158.22	7.16	57041.50	464.60	3.083021e+05	2.056350e+01	6.369300e+00	327.50	44.571114	4541	2.506e-02
300kHz_150dA_100Mss_bobN1C20375.txt	261.62	29.56	160.93	7.29	57041.50	463.52	3.083021e+05	2.055820e+01	6.368378e+00	323.92	44.091923	4541	2.531e-02
300kHz_150dA_100Mss_bobN1C20376.txt	262.13	29.61	158.90	7.25	57041.50	460.43	3.083021e+05	2.044312e+01	6.369988e+00	328.18	44.929545	4541	2.509e-02
300kHz_150dA_100Mss_bobN1C20377.txt	262.63	29.66	159.12	7.17	57041.50	467.54	3.083021e+05	2.074949e+01	6.369748e+00	332.18	44.804183	4541	2.512e-02
300kHz_150dA_100Mss_bobN1C20378.txt	263.13	29.70	157.41	7.14	57041.50	461.28	3.083021e+05	2.051186e+01	6.366174e+00	314.85	42.945897	4541	2.527e-02
300kHz_150dA_100Mss_bobN1C20379.txt	263.65	29.70	158.68	7.23	57041.50	463.03	3.082343e+05	2.058038e+01	6.368332e+00	324.02	44.068269	4542	2.497e-02
300kHz_150dA_100Mss_bobN1C20380.txt	264.67	29.90	160.48	7.28	57041.50	463.52	3.083021e+05	2.052535e+01	6.371070e+00	333.60	45.492840	4541	2.521e-02
300kHz_150dA_100Mss_bobN1C20381.txt	265.19	30.04	160.72	7.24	57041.50	477.77	3.083021e+05	2.115786e+01	6.366584e+00	326.36	43.159031	4541	2.522e-02
300kHz_150dA_100Mss_bobN1C20382.txt	265.76	30.15	160.45	7.24	57041.50	468.94	3.082343e+05	2.084312e+01	6.369452e+00	332.46	44.650099	4542	2.522e-02
300kHz_150dA_100Mss_bobN1C20383.txt	266.34	30.20	158.51	7.18	57041.50	468.58	3.083021e+05	2.081330e+01	6.364511e+00	313.09	42.080867	4541	2.530e-02
300kHz_150dA_100Mss_bobN1C20384.txt	266.87	30.20	160.26	7.27	57041.50	467.42	3.083021e+05	2.074966e+01	6.369347e+00	330.64	44.595666	4541	2.523e-02
