# Temperatura_=_-16.79300268096515
# Concentracion g/m^3_=_9950.0
# C_Vs_to_Am_M_A/Vsm_=_116720831517.84952
# pendiente_HvsI_1/m_=_3716.3
# ordenada_HvsI_A/m_=_1297.0
# frecuencia_Hz_=_308269.1067041425
# Promedio de 373 ciclos

Tiempo_(s)	Campo_(V.s)	Magnetizacion_(V.s)	Campo_(kA/m)	Magnetizacion_(A/m)
0.000000e+00	-8.859609e-10	-3.666884e-09	-5.677460e+01	-4.305615e+02
1.000000e-08	-8.854521e-10	-3.675178e-09	-5.674199e+01	-4.307092e+02
2.000000e-08	-8.846447e-10	-3.681699e-09	-5.669026e+01	-4.308179e+02
3.000000e-08	-8.835250e-10	-3.684622e-09	-5.661850e+01	-4.308843e+02
4.000000e-08	-8.820862e-10	-3.687943e-09	-5.652630e+01	-4.309084e+02
5.000000e-08	-8.803285e-10	-3.687240e-09	-5.641366e+01	-4.308939e+02
6.000000e-08	-8.782760e-10	-3.682668e-09	-5.628213e+01	-4.308480e+02
7.000000e-08	-8.759574e-10	-3.678190e-09	-5.613355e+01	-4.307809e+02
8.000000e-08	-8.733391e-10	-3.675316e-09	-5.596576e+01	-4.307040e+02
9.000000e-08	-8.703516e-10	-3.691652e-09	-5.577432e+01	-4.306292e+02
1.000000e-07	-8.669604e-10	-3.732605e-09	-5.555700e+01	-4.305668e+02
1.100000e-07	-8.632297e-10	-3.723112e-09	-5.531793e+01	-4.305245e+02
1.200000e-07	-8.592362e-10	-3.695661e-09	-5.506201e+01	-4.305058e+02
1.300000e-07	-8.549795e-10	-3.700148e-09	-5.478924e+01	-4.305095e+02
1.400000e-07	-8.504340e-10	-3.695584e-09	-5.449795e+01	-4.305293e+02
1.500000e-07	-8.456025e-10	-3.668510e-09	-5.418834e+01	-4.305538e+02
1.600000e-07	-8.404741e-10	-3.621578e-09	-5.385969e+01	-4.305678e+02
1.700000e-07	-8.349903e-10	-3.634280e-09	-5.350828e+01	-4.305532e+02
1.800000e-07	-8.291502e-10	-3.699241e-09	-5.313403e+01	-4.304906e+02
1.900000e-07	-8.230271e-10	-3.645660e-09	-5.274165e+01	-4.303612e+02
2.000000e-07	-8.166150e-10	-3.655081e-09	-5.233074e+01	-4.301481e+02
2.100000e-07	-8.099245e-10	-3.683267e-09	-5.190200e+01	-4.298379e+02
2.200000e-07	-8.029322e-10	-3.641354e-09	-5.145392e+01	-4.294218e+02
2.300000e-07	-7.955788e-10	-3.653768e-09	-5.098270e+01	-4.288958e+02
2.400000e-07	-7.878881e-10	-3.625809e-09	-5.048986e+01	-4.282609e+02
2.500000e-07	-7.798632e-10	-3.629802e-09	-4.997560e+01	-4.275226e+02
2.600000e-07	-7.715401e-10	-3.624162e-09	-4.944224e+01	-4.266899e+02
2.700000e-07	-7.629346e-10	-3.628957e-09	-4.889078e+01	-4.257738e+02
2.800000e-07	-7.540654e-10	-3.624237e-09	-4.832241e+01	-4.247863e+02
2.900000e-07	-7.449390e-10	-3.592257e-09	-4.773758e+01	-4.237388e+02
3.000000e-07	-7.355322e-10	-3.597834e-09	-4.713476e+01	-4.226408e+02
3.100000e-07	-7.258313e-10	-3.584881e-09	-4.651311e+01	-4.214995e+02
3.200000e-07	-7.158229e-10	-3.583270e-09	-4.587174e+01	-4.203187e+02
3.300000e-07	-7.055528e-10	-3.567898e-09	-4.521360e+01	-4.190992e+02
3.400000e-07	-6.950261e-10	-3.560225e-09	-4.453903e+01	-4.178386e+02
3.500000e-07	-6.842377e-10	-3.562778e-09	-4.384768e+01	-4.165326e+02
3.600000e-07	-6.731883e-10	-3.540870e-09	-4.313961e+01	-4.151751e+02
3.700000e-07	-6.618710e-10	-3.519683e-09	-4.241437e+01	-4.137594e+02
3.800000e-07	-6.502891e-10	-3.495734e-09	-4.167218e+01	-4.122792e+02
3.900000e-07	-6.384400e-10	-3.489273e-09	-4.091285e+01	-4.107289e+02
4.000000e-07	-6.263390e-10	-3.481543e-09	-4.013739e+01	-4.091041e+02
4.100000e-07	-6.139977e-10	-3.471230e-09	-3.934653e+01	-4.074019e+02
4.200000e-07	-6.014418e-10	-3.458978e-09	-3.854191e+01	-4.056209e+02
4.300000e-07	-5.886745e-10	-3.442241e-09	-3.772375e+01	-4.037601e+02
4.400000e-07	-5.756840e-10	-3.428861e-09	-3.689129e+01	-4.018195e+02
4.500000e-07	-5.624637e-10	-3.405373e-09	-3.604411e+01	-3.997984e+02
4.600000e-07	-5.490222e-10	-3.378103e-09	-3.518274e+01	-3.976956e+02
4.700000e-07	-5.353719e-10	-3.357860e-09	-3.430800e+01	-3.955088e+02
4.800000e-07	-5.215135e-10	-3.348131e-09	-3.341991e+01	-3.932339e+02
4.900000e-07	-5.074388e-10	-3.337419e-09	-3.251798e+01	-3.908654e+02
5.000000e-07	-4.931443e-10	-3.317664e-09	-3.160195e+01	-3.883962e+02
5.100000e-07	-4.786570e-10	-3.295577e-09	-3.067357e+01	-3.858181e+02
5.200000e-07	-4.639913e-10	-3.272410e-09	-2.973375e+01	-3.831218e+02
5.300000e-07	-4.491548e-10	-3.246349e-09	-2.878299e+01	-3.802973e+02
5.400000e-07	-4.341512e-10	-3.217760e-09	-2.782152e+01	-3.773345e+02
5.500000e-07	-4.189838e-10	-3.189158e-09	-2.684956e+01	-3.742230e+02
5.600000e-07	-4.036548e-10	-3.165913e-09	-2.586724e+01	-3.709527e+02
5.700000e-07	-3.881700e-10	-3.143673e-09	-2.487493e+01	-3.675130e+02
5.800000e-07	-3.725318e-10	-3.116511e-09	-2.387279e+01	-3.638931e+02
5.900000e-07	-3.567496e-10	-3.081285e-09	-2.286143e+01	-3.600815e+02
6.000000e-07	-3.408359e-10	-3.042425e-09	-2.184164e+01	-3.560656e+02
6.100000e-07	-3.247916e-10	-3.005097e-09	-2.081348e+01	-3.518312e+02
6.200000e-07	-3.086216e-10	-2.968859e-09	-1.977727e+01	-3.473626e+02
6.300000e-07	-2.923376e-10	-2.929377e-09	-1.873375e+01	-3.426418e+02
6.400000e-07	-2.759523e-10	-2.886832e-09	-1.768374e+01	-3.376486e+02
6.500000e-07	-2.594676e-10	-2.845511e-09	-1.662736e+01	-3.323602e+02
6.600000e-07	-2.428837e-10	-2.800055e-09	-1.556462e+01	-3.267513e+02
6.700000e-07	-2.261965e-10	-2.748963e-09	-1.449526e+01	-3.207936e+02
6.800000e-07	-2.094222e-10	-2.691677e-09	-1.342032e+01	-3.144554e+02
6.900000e-07	-1.925784e-10	-2.630121e-09	-1.234093e+01	-3.077010e+02
7.000000e-07	-1.756627e-10	-2.569102e-09	-1.125693e+01	-3.004900e+02
7.100000e-07	-1.586777e-10	-2.504871e-09	-1.016849e+01	-2.927764e+02
7.200000e-07	-1.416332e-10	-2.433632e-09	-9.076232e+00	-2.845078e+02
7.300000e-07	-1.245410e-10	-2.356536e-09	-7.980924e+00	-2.756241e+02
7.400000e-07	-1.074071e-10	-2.275321e-09	-6.882936e+00	-2.660577e+02
7.500000e-07	-9.023415e-11	-2.188471e-09	-5.782454e+00	-2.557333e+02
7.600000e-07	-7.302492e-11	-2.094183e-09	-4.679644e+00	-2.445690e+02
7.700000e-07	-5.578697e-11	-1.991379e-09	-3.574992e+00	-2.324778e+02
7.800000e-07	-3.853170e-11	-1.880728e-09	-2.469231e+00	-2.193710e+02
7.900000e-07	-2.126383e-11	-1.763072e-09	-1.362662e+00	-2.051622e+02
8.000000e-07	-3.985318e-12	-1.634126e-09	-2.554109e-01	-1.897723e+02
8.100000e-07	1.329841e-11	-1.488336e-09	8.521743e-01	-1.731358e+02
8.200000e-07	3.057965e-11	-1.329135e-09	1.959600e+00	-1.552066e+02
8.300000e-07	4.784757e-11	-1.160776e-09	3.066173e+00	-1.359651e+02
8.400000e-07	6.509718e-11	-9.838471e-10	4.171571e+00	-1.154236e+02
8.500000e-07	8.232880e-11	-7.985649e-10	5.275817e+00	-9.363150e+01
8.600000e-07	9.953461e-11	-6.034461e-10	6.378408e+00	-7.067834e+01
8.700000e-07	1.167038e-10	-4.002558e-10	7.478653e+00	-4.669508e+01
8.800000e-07	1.338305e-10	-1.902503e-10	8.576172e+00	-2.185297e+01
8.900000e-07	1.509118e-10	2.547745e-11	9.670784e+00	3.640090e+00
9.000000e-07	1.679405e-10	2.466652e-10	1.076203e+01	2.954563e+01
9.100000e-07	1.849058e-10	4.707471e-10	1.184921e+01	5.560286e+01
9.200000e-07	2.017997e-10	6.929387e-10	1.293181e+01	8.153867e+01
9.300000e-07	2.186183e-10	9.095176e-10	1.400959e+01	1.070787e+02
9.400000e-07	2.353586e-10	1.118758e-09	1.508234e+01	1.319588e+02
9.500000e-07	2.520109e-10	1.322190e-09	1.614947e+01	1.559362e+02
9.600000e-07	2.685624e-10	1.517503e-09	1.721013e+01	1.787989e+02
9.700000e-07	2.850064e-10	1.703576e-09	1.826391e+01	2.003743e+02
9.800000e-07	3.013419e-10	1.877344e-09	1.931073e+01	2.205342e+02
9.900000e-07	3.175652e-10	2.037823e-09	2.035036e+01	2.391978e+02
1.000000e-06	3.336706e-10	2.185561e-09	2.138243e+01	2.563317e+02
1.010000e-06	3.496520e-10	2.317916e-09	2.240656e+01	2.719468e+02
1.020000e-06	3.655018e-10	2.434993e-09	2.342225e+01	2.860935e+02
1.030000e-06	3.812124e-10	2.538616e-09	2.442903e+01	2.988541e+02
1.040000e-06	3.967759e-10	2.634311e-09	2.542638e+01	3.103350e+02
1.050000e-06	4.121857e-10	2.721586e-09	2.641387e+01	3.206573e+02
1.060000e-06	4.274362e-10	2.801348e-09	2.739117e+01	3.299485e+02
1.070000e-06	4.425243e-10	2.872993e-09	2.835805e+01	3.383343e+02
1.080000e-06	4.574482e-10	2.938495e-09	2.931441e+01	3.459327e+02
1.090000e-06	4.722027e-10	2.999786e-09	3.025992e+01	3.528487e+02
1.100000e-06	4.867825e-10	3.055513e-09	3.119423e+01	3.591720e+02
1.110000e-06	5.011804e-10	3.103650e-09	3.211688e+01	3.649754e+02
1.120000e-06	5.153853e-10	3.144706e-09	3.302716e+01	3.703160e+02
1.130000e-06	5.293875e-10	3.184464e-09	3.392446e+01	3.752369e+02
1.140000e-06	5.431825e-10	3.223689e-09	3.480848e+01	3.797700e+02
1.150000e-06	5.567678e-10	3.260926e-09	3.567906e+01	3.839397e+02
1.160000e-06	5.701439e-10	3.292669e-09	3.653623e+01	3.877659e+02
1.170000e-06	5.833081e-10	3.321081e-09	3.737983e+01	3.912669e+02
1.180000e-06	5.962544e-10	3.348904e-09	3.820946e+01	3.944617e+02
1.190000e-06	6.089810e-10	3.375645e-09	3.902502e+01	3.973714e+02
1.200000e-06	6.214859e-10	3.396880e-09	3.982636e+01	4.000195e+02
1.210000e-06	6.337626e-10	3.414547e-09	4.061308e+01	4.024316e+02
1.220000e-06	6.458003e-10	3.433229e-09	4.138449e+01	4.046346e+02
1.230000e-06	6.575878e-10	3.453230e-09	4.213986e+01	4.066551e+02
1.240000e-06	6.691109e-10	3.471267e-09	4.287829e+01	4.085182e+02
1.250000e-06	6.803641e-10	3.486042e-09	4.359942e+01	4.102459e+02
1.260000e-06	6.913586e-10	3.500544e-09	4.430398e+01	4.118564e+02
1.270000e-06	7.020980e-10	3.515782e-09	4.499219e+01	4.133633e+02
1.280000e-06	7.125712e-10	3.531275e-09	4.566334e+01	4.147760e+02
1.290000e-06	7.227751e-10	3.543739e-09	4.631723e+01	4.160996e+02
1.300000e-06	7.327045e-10	3.554483e-09	4.695353e+01	4.173368e+02
1.310000e-06	7.423506e-10	3.566202e-09	4.757167e+01	4.184882e+02
1.320000e-06	7.517212e-10	3.578140e-09	4.817217e+01	4.195538e+02
1.330000e-06	7.608171e-10	3.587797e-09	4.875506e+01	4.205345e+02
1.340000e-06	7.696324e-10	3.595476e-09	4.931997e+01	4.214325e+02
1.350000e-06	7.781725e-10	3.603505e-09	4.986724e+01	4.222521e+02
1.360000e-06	7.864305e-10	3.612582e-09	5.039643e+01	4.229993e+02
1.370000e-06	7.943900e-10	3.621090e-09	5.090650e+01	4.236823e+02
1.380000e-06	8.020386e-10	3.627658e-09	5.139663e+01	4.243098e+02
1.390000e-06	8.093735e-10	3.633386e-09	5.186668e+01	4.248912e+02
1.400000e-06	8.164081e-10	3.639476e-09	5.231747e+01	4.254350e+02
1.410000e-06	8.231422e-10	3.646166e-09	5.274901e+01	4.259483e+02
1.420000e-06	8.295690e-10	3.651146e-09	5.316085e+01	4.264361e+02
1.430000e-06	8.356958e-10	3.654527e-09	5.355348e+01	4.269014e+02
1.440000e-06	8.415171e-10	3.658482e-09	5.392652e+01	4.273449e+02
1.450000e-06	8.470165e-10	3.663444e-09	5.427894e+01	4.277656e+02
1.460000e-06	8.521673e-10	3.668447e-09	5.460901e+01	4.281615e+02
1.470000e-06	8.569731e-10	3.671377e-09	5.491698e+01	4.285306e+02
1.480000e-06	8.614589e-10	3.672937e-09	5.520444e+01	4.288712e+02
1.490000e-06	8.656194e-10	3.676549e-09	5.547106e+01	4.291829e+02
1.500000e-06	8.694600e-10	3.681955e-09	5.571717e+01	4.294674e+02
1.510000e-06	8.729834e-10	3.685374e-09	5.594296e+01	4.297278e+02
1.520000e-06	8.761862e-10	3.686892e-09	5.614821e+01	4.299690e+02
1.530000e-06	8.790694e-10	3.689187e-09	5.633297e+01	4.301970e+02
1.540000e-06	8.816198e-10	3.693890e-09	5.649640e+01	4.304181e+02
1.550000e-06	8.838434e-10	3.698917e-09	5.663890e+01	4.306377e+02
1.560000e-06	8.857468e-10	3.701379e-09	5.676087e+01	4.308600e+02
1.570000e-06	8.873152e-10	3.702581e-09	5.686138e+01	4.310867e+02
1.580000e-06	8.885279e-10	3.705910e-09	5.693910e+01	4.313169e+02
1.590000e-06	8.893853e-10	3.710645e-09	5.699404e+01	4.315469e+02
1.600000e-06	8.899133e-10	3.713532e-09	5.702788e+01	4.317705e+02
1.610000e-06	8.901156e-10	3.715209e-09	5.704084e+01	4.319797e+02
1.620000e-06	8.900004e-10	3.717167e-09	5.703346e+01	4.321659e+02
1.630000e-06	8.895792e-10	3.716855e-09	5.700647e+01	4.323207e+02
1.640000e-06	8.888510e-10	3.713266e-09	5.695980e+01	4.324376e+02
1.650000e-06	8.878089e-10	3.712626e-09	5.689302e+01	4.325125e+02
1.660000e-06	8.864440e-10	3.712105e-09	5.680556e+01	4.325447e+02
1.670000e-06	8.847793e-10	3.711751e-09	5.669888e+01	4.325375e+02
1.680000e-06	8.828296e-10	3.714834e-09	5.657394e+01	4.324974e+02
1.690000e-06	8.805940e-10	3.718373e-09	5.643067e+01	4.324340e+02
1.700000e-06	8.780858e-10	3.717758e-09	5.626995e+01	4.323587e+02
1.710000e-06	8.752575e-10	3.678724e-09	5.608870e+01	4.322833e+02
1.720000e-06	8.719891e-10	3.653026e-09	5.587926e+01	4.322186e+02
1.730000e-06	8.682740e-10	3.682482e-09	5.564118e+01	4.321729e+02
1.740000e-06	8.642290e-10	3.685428e-09	5.538197e+01	4.321505e+02
1.750000e-06	8.599237e-10	3.673606e-09	5.510608e+01	4.321511e+02
1.760000e-06	8.553590e-10	3.690434e-09	5.481356e+01	4.321692e+02
1.770000e-06	8.505761e-10	3.770167e-09	5.450706e+01	4.321945e+02
1.780000e-06	8.455759e-10	3.748613e-09	5.418664e+01	4.322123e+02
1.790000e-06	8.402111e-10	3.700914e-09	5.384285e+01	4.322049e+02
1.800000e-06	8.345259e-10	3.770228e-09	5.347852e+01	4.321532e+02
1.810000e-06	8.285265e-10	3.720371e-09	5.309407e+01	4.320379e+02
1.820000e-06	8.221212e-10	3.726483e-09	5.268360e+01	4.318417e+02
1.830000e-06	8.154262e-10	3.722118e-09	5.225457e+01	4.315507e+02
1.840000e-06	8.083877e-10	3.689923e-09	5.180353e+01	4.311550e+02
1.850000e-06	8.010596e-10	3.729693e-09	5.133393e+01	4.306497e+02
1.860000e-06	7.934551e-10	3.685165e-09	5.084661e+01	4.300351e+02
1.870000e-06	7.854969e-10	3.731972e-09	5.033663e+01	4.293158e+02
1.880000e-06	7.772704e-10	3.712881e-09	4.980945e+01	4.285001e+02
1.890000e-06	7.686940e-10	3.688415e-09	4.925986e+01	4.275991e+02
1.900000e-06	7.598194e-10	3.695318e-09	4.869115e+01	4.266244e+02
1.910000e-06	7.506538e-10	3.647805e-09	4.810380e+01	4.255877e+02
1.920000e-06	7.412059e-10	3.667621e-09	4.749835e+01	4.244990e+02
1.930000e-06	7.315312e-10	3.635564e-09	4.687837e+01	4.233659e+02
1.940000e-06	7.215680e-10	3.649055e-09	4.623990e+01	4.221928e+02
1.950000e-06	7.113499e-10	3.618640e-09	4.558510e+01	4.209810e+02
1.960000e-06	7.008350e-10	3.587074e-09	4.491129e+01	4.197288e+02
1.970000e-06	6.900567e-10	3.597632e-09	4.422058e+01	4.184321e+02
1.980000e-06	6.790243e-10	3.579709e-09	4.351360e+01	4.170850e+02
1.990000e-06	6.677238e-10	3.594028e-09	4.278944e+01	4.156811e+02
2.000000e-06	6.561743e-10	3.574048e-09	4.204932e+01	4.142137e+02
2.010000e-06	6.443452e-10	3.568696e-09	4.129128e+01	4.126771e+02
2.020000e-06	6.322748e-10	3.540673e-09	4.051778e+01	4.110667e+02
2.030000e-06	6.199563e-10	3.514130e-09	3.972838e+01	4.093795e+02
2.040000e-06	6.074042e-10	3.496782e-09	3.892401e+01	4.076135e+02
2.050000e-06	5.946192e-10	3.478333e-09	3.810471e+01	4.057680e+02
2.060000e-06	5.816192e-10	3.474259e-09	3.727164e+01	4.038425e+02
2.070000e-06	5.684187e-10	3.466148e-09	3.642572e+01	4.018368e+02
2.080000e-06	5.550052e-10	3.453712e-09	3.556615e+01	3.997497e+02
2.090000e-06	5.413830e-10	3.427068e-09	3.469321e+01	3.975791e+02
2.100000e-06	5.275392e-10	3.401628e-09	3.380607e+01	3.953212e+02
2.110000e-06	5.134848e-10	3.377372e-09	3.290543e+01	3.929708e+02
2.120000e-06	4.992123e-10	3.356145e-09	3.199081e+01	3.905212e+02
2.130000e-06	4.847464e-10	3.333547e-09	3.106380e+01	3.879642e+02
2.140000e-06	4.701007e-10	3.312460e-09	3.012526e+01	3.852907e+02
2.150000e-06	4.552828e-10	3.287746e-09	2.917570e+01	3.824909e+02
2.160000e-06	4.403003e-10	3.261779e-09	2.821558e+01	3.795546e+02
2.170000e-06	4.251448e-10	3.231428e-09	2.724438e+01	3.764716e+02
2.180000e-06	4.098221e-10	3.201091e-09	2.626246e+01	3.732315e+02
2.190000e-06	3.943376e-10	3.170647e-09	2.527017e+01	3.698241e+02
2.200000e-06	3.787082e-10	3.142348e-09	2.426861e+01	3.662384e+02
2.210000e-06	3.629380e-10	3.114602e-09	2.325801e+01	3.624632e+02
2.220000e-06	3.470332e-10	3.080383e-09	2.223879e+01	3.584860e+02
2.230000e-06	3.309939e-10	3.040762e-09	2.121096e+01	3.542932e+02
2.240000e-06	3.148270e-10	2.999133e-09	2.017494e+01	3.498691e+02
2.250000e-06	2.985405e-10	2.959220e-09	1.913126e+01	3.451962e+02
2.260000e-06	2.821395e-10	2.916775e-09	1.808024e+01	3.402547e+02
2.270000e-06	2.656367e-10	2.873528e-09	1.702270e+01	3.350224e+02
2.280000e-06	2.490423e-10	2.827427e-09	1.595929e+01	3.294743e+02
2.290000e-06	2.323612e-10	2.779561e-09	1.489033e+01	3.235828e+02
2.300000e-06	2.155935e-10	2.725478e-09	1.381581e+01	3.173169e+02
2.310000e-06	1.987402e-10	2.664025e-09	1.273581e+01	3.106415e+02
2.320000e-06	1.818097e-10	2.598087e-09	1.165086e+01	3.035173e+02
2.330000e-06	1.648198e-10	2.529097e-09	1.056210e+01	2.958994e+02
2.340000e-06	1.477763e-10	2.460300e-09	9.469904e+00	2.877364e+02
2.350000e-06	1.306851e-10	2.387569e-09	8.374656e+00	2.789698e+02
2.360000e-06	1.135523e-10	2.307559e-09	7.276747e+00	2.695335e+02
2.370000e-06	9.638426e-11	2.221117e-09	6.176572e+00	2.593534e+02
2.380000e-06	7.918687e-11	2.128588e-09	5.074519e+00	2.483487e+02
2.390000e-06	6.195442e-11	2.027001e-09	3.970220e+00	2.364332e+02
2.400000e-06	4.469025e-11	1.914319e-09	2.863888e+00	2.235182e+02
2.410000e-06	2.741076e-11	1.792775e-09	1.756575e+00	2.095166e+02
2.420000e-06	1.012563e-11	1.664006e-09	6.489000e-01	1.943475e+02
2.430000e-06	-7.162524e-12	1.524679e-09	-4.589683e-01	1.779424e+02
2.440000e-06	-2.444820e-11	1.371634e-09	-1.566678e+00	1.602513e+02
2.450000e-06	-4.172396e-11	1.204557e-09	-2.673753e+00	1.412492e+02
2.460000e-06	-5.898362e-11	1.026874e-09	-3.779796e+00	1.209423e+02
2.470000e-06	-7.621780e-11	8.418562e-10	-4.884206e+00	9.937300e+01
2.480000e-06	-9.342143e-11	6.477855e-10	-5.986659e+00	7.662331e+01
2.490000e-06	-1.105907e-10	4.455239e-10	-7.086909e+00	5.281668e+01
2.500000e-06	-1.277168e-10	2.358940e-10	-8.184395e+00	2.811724e+01
2.510000e-06	-1.447941e-10	2.046170e-11	-9.278759e+00	2.726597e+00
2.520000e-06	-1.618214e-10	-2.011130e-10	-1.036991e+01	-2.312179e+01
2.530000e-06	-1.787957e-10	-4.267385e-10	-1.145767e+01	-4.917050e+01
2.540000e-06	-1.957093e-10	-6.523477e-10	-1.254154e+01	-7.514788e+01
2.550000e-06	-2.125519e-10	-8.732776e-10	-1.362086e+01	-1.007790e+02
2.560000e-06	-2.293125e-10	-1.086037e-09	-1.469492e+01	-1.257969e+02
2.570000e-06	-2.459837e-10	-1.293194e-09	-1.576325e+01	-1.499543e+02
2.580000e-06	-2.625615e-10	-1.493921e-09	-1.682560e+01	-1.730329e+02
2.590000e-06	-2.790387e-10	-1.685344e-09	-1.788150e+01	-1.948525e+02
2.600000e-06	-2.954082e-10	-1.863881e-09	-1.893050e+01	-2.152765e+02
2.610000e-06	-3.116633e-10	-2.028782e-09	-1.997216e+01	-2.342153e+02
2.620000e-06	-3.277938e-10	-2.179953e-09	-2.100584e+01	-2.516272e+02
2.630000e-06	-3.437916e-10	-2.316635e-09	-2.203102e+01	-2.675153e+02
2.640000e-06	-3.596538e-10	-2.437717e-09	-2.304751e+01	-2.819232e+02
2.650000e-06	-3.753759e-10	-2.545737e-09	-2.405502e+01	-2.949281e+02
2.660000e-06	-3.909512e-10	-2.643478e-09	-2.505313e+01	-3.066326e+02
2.670000e-06	-4.063753e-10	-2.734205e-09	-2.604154e+01	-3.171558e+02
2.680000e-06	-4.216453e-10	-2.817598e-09	-2.702008e+01	-3.266244e+02
2.690000e-06	-4.367551e-10	-2.892335e-09	-2.798836e+01	-3.351653e+02
2.700000e-06	-4.516989e-10	-2.960827e-09	-2.894599e+01	-3.428981e+02
2.710000e-06	-4.664744e-10	-3.023845e-09	-2.989285e+01	-3.499305e+02
2.720000e-06	-4.810781e-10	-3.082648e-09	-3.082868e+01	-3.563551e+02
2.730000e-06	-4.955027e-10	-3.135040e-09	-3.175305e+01	-3.622477e+02
2.740000e-06	-5.097365e-10	-3.180981e-09	-3.266519e+01	-3.676681e+02
2.750000e-06	-5.237713e-10	-3.222530e-09	-3.356457e+01	-3.726619e+02
2.760000e-06	-5.376030e-10	-3.262351e-09	-3.445094e+01	-3.772627e+02
2.770000e-06	-5.512258e-10	-3.299352e-09	-3.532393e+01	-3.814962e+02
2.780000e-06	-5.646362e-10	-3.332212e-09	-3.618330e+01	-3.853826e+02
2.790000e-06	-5.778346e-10	-3.362973e-09	-3.702908e+01	-3.889406e+02
2.800000e-06	-5.908213e-10	-3.392645e-09	-3.786130e+01	-3.921889e+02
2.810000e-06	-6.035897e-10	-3.419719e-09	-3.867954e+01	-3.951480e+02
2.820000e-06	-6.161309e-10	-3.441551e-09	-3.948321e+01	-3.978410e+02
2.830000e-06	-6.284401e-10	-3.458912e-09	-4.027201e+01	-4.002933e+02
2.840000e-06	-6.405198e-10	-3.474956e-09	-4.104611e+01	-4.025316e+02
2.850000e-06	-6.523601e-10	-3.492441e-09	-4.180486e+01	-4.045826e+02
2.860000e-06	-6.639296e-10	-3.509926e-09	-4.254626e+01	-4.064719e+02
2.870000e-06	-6.752059e-10	-3.525711e-09	-4.326888e+01	-4.082220e+02
2.880000e-06	-6.861999e-10	-3.540065e-09	-4.397340e+01	-4.098520e+02
2.890000e-06	-6.969412e-10	-3.553234e-09	-4.466173e+01	-4.113762e+02
2.900000e-06	-7.074343e-10	-3.563697e-09	-4.533415e+01	-4.128047e+02
2.910000e-06	-7.176585e-10	-3.571101e-09	-4.598935e+01	-4.141436e+02
2.920000e-06	-7.276060e-10	-3.576908e-09	-4.662681e+01	-4.153957e+02
2.930000e-06	-7.372861e-10	-3.583329e-09	-4.724714e+01	-4.165620e+02
2.940000e-06	-7.466952e-10	-3.592058e-09	-4.785010e+01	-4.176424e+02
2.950000e-06	-7.558244e-10	-3.600680e-09	-4.843512e+01	-4.186378e+02
2.960000e-06	-7.646773e-10	-3.607275e-09	-4.900243e+01	-4.195499e+02
2.970000e-06	-7.732508e-10	-3.612099e-09	-4.955184e+01	-4.203826e+02
2.980000e-06	-7.815400e-10	-3.616329e-09	-5.008304e+01	-4.211417e+02
2.990000e-06	-7.895379e-10	-3.620282e-09	-5.059557e+01	-4.218350e+02
3.000000e-06	-7.972235e-10	-3.623878e-09	-5.108808e+01	-4.224713e+02
3.010000e-06	-8.045926e-10	-3.626764e-09	-5.156031e+01	-4.230597e+02
3.020000e-06	-8.116513e-10	-3.630454e-09	-5.201265e+01	-4.236091e+02
3.030000e-06	-8.184082e-10	-3.634454e-09	-5.244565e+01	-4.241268e+02
3.040000e-06	-8.248702e-10	-3.637377e-09	-5.285975e+01	-4.246183e+02
3.050000e-06	-8.310252e-10	-3.640248e-09	-5.325417e+01	-4.250869e+02
3.060000e-06	-8.368716e-10	-3.642742e-09	-5.362883e+01	-4.255337e+02
3.070000e-06	-8.423977e-10	-3.645841e-09	-5.398296e+01	-4.259580e+02
3.080000e-06	-8.475856e-10	-3.649942e-09	-5.431541e+01	-4.263579e+02
3.090000e-06	-8.524294e-10	-3.653331e-09	-5.462581e+01	-4.267314e+02
3.100000e-06	-8.569405e-10	-3.655230e-09	-5.491490e+01	-4.270765e+02
3.110000e-06	-8.611496e-10	-3.658332e-09	-5.518462e+01	-4.273928e+02
3.120000e-06	-8.650505e-10	-3.660671e-09	-5.543460e+01	-4.276813e+02
3.130000e-06	-8.686297e-10	-3.660513e-09	-5.566397e+01	-4.279451e+02
3.140000e-06	-8.718912e-10	-3.659389e-09	-5.587297e+01	-4.281887e+02
3.150000e-06	-8.748226e-10	-3.658275e-09	-5.606082e+01	-4.284180e+02
3.160000e-06	-8.774239e-10	-3.659092e-09	-5.622752e+01	-4.286392e+02
3.170000e-06	-8.796992e-10	-3.662320e-09	-5.637333e+01	-4.288581e+02
3.180000e-06	-8.816474e-10	-3.667083e-09	-5.649817e+01	-4.290790e+02
3.190000e-06	-8.832718e-10	-3.671122e-09	-5.660227e+01	-4.293043e+02
3.200000e-06	-8.845471e-10	-3.671643e-09	-5.668399e+01	-4.295334e+02
3.210000e-06	-8.854686e-10	-3.669241e-09	-5.674305e+01	-4.297631e+02
3.220000e-06	-8.860543e-10	-3.666273e-09	-5.678058e+01	-4.299877e+02
3.230000e-06	-8.863130e-10	-3.665017e-09	-5.679716e+01	-4.301995e+02
3.240000e-06	-8.862514e-10	-3.665617e-09	-5.679321e+01	-4.303898e+02
