# Configuracion:
# Concentracion g/m^3_=_9950.0
# C_Vs_to_Am_M_A/Vsm_=_116720831517.84952
# pendiente_HvsI_1/m_=_3716.3
# ordenada_HvsI_A/m_=_1297.0
# frecuencia_ref_Hz_=_308262.46086776134
# 
Resultados:
# tau_s_=_(7.48+/-2.26)e+01
# dphi_rad_=_6.43+/-0.04
# SAR_W/g_=_558.13+/-100.61
# Hc_kA/m_=_10.19+/-2.09
# Mr_A/m_=_208.88+/-32.56
# Suceptibilidad_a_M=0_=_0.0257+/-0.0063
Nombre_archivo	Time_m_(s)	Temperatura_(ºC)	Mr_(A/m)	Hc_(kA/m)	Campo_max_(A/m)	Mag_max_(A/m)	f0	mag0	dphi0	SAR_(W/g)	Tau_(ns)	N	xi_M_0
300kHz_150dA_100Mss_bobN1C20057.txt	90.38	-57.80	171.45	12.25	57041.50	401.94	3.083021e+05	1.763807e+01	6.473330e+00	617.29	99.374847	4541	1.636e-02
300kHz_150dA_100Mss_bobN1C20058.txt	90.9	-57.80	171.54	12.20	57041.50	403.83	3.083021e+05	1.768454e+01	6.469569e+00	606.82	97.362344	4541	1.654e-02
300kHz_150dA_100Mss_bobN1C20059.txt	91.42	-57.25	171.46	12.16	57041.50	407.84	3.082343e+05	1.784559e+01	6.467235e+00	604.63	96.114142	4542	1.665e-02
300kHz_150dA_100Mss_bobN1C20060.txt	91.94	-56.58	170.18	12.04	57041.50	410.08	3.082343e+05	1.805139e+01	6.467842e+00	613.60	96.438830	4542	1.647e-02
300kHz_150dA_100Mss_bobN1C20061.txt	92.45	-56.50	171.18	12.08	57041.50	410.59	3.083021e+05	1.804304e+01	6.467321e+00	611.74	96.160946	4541	1.669e-02
300kHz_150dA_100Mss_bobN1C20062.txt	92.95	-56.50	172.00	11.62	57041.50	424.40	3.083021e+05	1.853707e+01	6.459057e+00	600.58	91.751634	4541	1.718e-02
300kHz_150dA_100Mss_bobN1C20063.txt	93.46	-55.21	169.97	11.66	57041.50	414.02	3.083021e+05	1.825939e+01	6.464321e+00	609.10	94.558169	4541	1.684e-02
300kHz_150dA_100Mss_bobN1C20064.txt	94.05	-53.59	174.95	11.88	57041.50	423.28	3.083021e+05	1.846875e+01	6.461753e+00	607.44	93.189076	4541	1.726e-02
300kHz_150dA_100Mss_bobN1C20065.txt	94.59	-52.34	173.66	11.64	57041.50	423.71	3.083021e+05	1.856815e+01	6.457323e+00	595.72	90.828466	4541	1.748e-02
300kHz_150dA_100Mss_bobN1C20066.txt	95.11	-51.27	173.38	11.67	57041.50	421.83	3.083021e+05	1.849179e+01	6.457927e+00	595.30	91.150262	4541	1.735e-02
300kHz_150dA_100Mss_bobN1C20067.txt	95.63	-50.64	173.76	11.62	57041.50	422.00	3.083021e+05	1.858422e+01	6.459910e+00	605.00	92.205980	4541	1.743e-02
300kHz_150dA_100Mss_bobN1C20068.txt	96.14	-50.00	172.91	11.43	57041.50	427.13	3.083021e+05	1.880907e+01	6.456211e+00	599.63	90.236789	4541	1.747e-02
300kHz_150dA_100Mss_bobN1C20069.txt	96.68	-49.25	174.43	11.70	57041.50	426.83	3.083021e+05	1.871413e+01	6.458507e+00	604.44	91.459361	4541	1.747e-02
300kHz_150dA_100Mss_bobN1C20070.txt	97.19	-48.55	173.19	11.43	57041.50	425.35	3.083021e+05	1.874863e+01	6.456938e+00	600.19	90.623497	4541	1.753e-02
300kHz_150dA_100Mss_bobN1C20071.txt	97.8	-47.76	174.67	11.42	57041.50	433.62	3.083021e+05	1.898955e+01	6.452745e+00	593.38	88.394151	4541	1.776e-02
300kHz_150dA_100Mss_bobN1C20072.txt	98.38	-47.08	175.30	11.49	57041.50	433.93	3.082343e+05	1.901351e+01	6.454521e+00	600.16	89.338770	4542	1.778e-02
300kHz_150dA_100Mss_bobN1C20073.txt	98.9	-46.51	175.21	11.47	57041.50	430.40	3.083021e+05	1.893756e+01	6.453069e+00	592.87	88.566455	4541	1.785e-02
300kHz_150dA_100Mss_bobN1C20074.txt	99.49	-45.91	175.55	11.21	57041.50	437.85	3.083021e+05	1.924098e+01	6.450420e+00	593.07	87.159095	4541	1.822e-02
300kHz_150dA_100Mss_bobN1C20075.txt	100.0	-45.40	177.63	11.54	57041.50	433.34	3.083021e+05	1.897154e+01	6.455056e+00	600.81	89.623318	4541	1.794e-02
300kHz_150dA_100Mss_bobN1C20076.txt	101.03	-44.56	180.00	11.45	57041.50	437.62	3.083021e+05	1.917702e+01	6.454104e+00	603.99	89.116604	4541	1.840e-02
300kHz_150dA_100Mss_bobN1C20077.txt	101.55	-43.94	179.04	11.13	57041.50	458.67	3.083021e+05	2.006039e+01	6.445528e+00	600.39	84.562805	4541	1.874e-02
300kHz_150dA_100Mss_bobN1C20078.txt	102.06	-43.35	180.39	10.99	57041.50	461.32	3.083021e+05	2.022121e+01	6.446594e+00	609.15	85.128224	4541	1.911e-02
300kHz_150dA_100Mss_bobN1C20079.txt	102.59	-42.93	178.89	11.03	57041.50	448.16	3.083021e+05	1.969985e+01	6.445953e+00	591.13	84.787836	4541	1.897e-02
300kHz_150dA_100Mss_bobN1C20080.txt	103.12	-42.48	179.41	11.02	57041.50	442.23	3.082343e+05	1.951699e+01	6.447689e+00	591.71	85.708414	4542	1.896e-02
300kHz_150dA_100Mss_bobN1C20081.txt	103.61	-41.99	181.29	10.90	57041.50	449.87	3.083021e+05	1.978044e+01	6.445931e+00	593.48	84.776328	4541	1.944e-02
300kHz_150dA_100Mss_bobN1C20082.txt	104.11	-41.52	181.40	10.85	57041.50	466.82	3.083021e+05	2.048634e+01	6.442621e+00	602.26	83.022636	4541	1.940e-02
300kHz_150dA_100Mss_bobN1C20083.txt	104.61	-41.17	184.30	10.98	57041.50	468.01	3.083021e+05	2.043074e+01	6.444134e+00	606.28	83.824717	4541	1.971e-02
300kHz_150dA_100Mss_bobN1C20084.txt	105.12	-40.82	182.96	10.97	57041.50	452.60	3.083021e+05	1.990629e+01	6.446135e+00	597.99	84.884770	4541	1.965e-02
300kHz_150dA_100Mss_bobN1C20085.txt	105.62	-40.47	183.72	10.81	57041.50	454.30	3.083021e+05	2.001433e+01	6.443747e+00	592.50	83.618397	4541	1.981e-02
300kHz_150dA_100Mss_bobN1C20086.txt	106.13	-40.04	180.85	10.71	57041.50	456.44	3.083021e+05	2.015106e+01	6.443257e+00	594.75	83.358937	4541	1.979e-02
300kHz_150dA_100Mss_bobN1C20087.txt	106.65	-39.42	182.52	10.73	57041.50	451.19	3.083021e+05	1.994837e+01	6.440503e+00	578.72	81.899815	4541	2.014e-02
300kHz_150dA_100Mss_bobN1C20088.txt	107.15	-38.88	183.85	10.69	57041.50	459.64	3.083021e+05	2.028097e+01	6.439108e+00	583.19	81.161811	4541	2.021e-02
300kHz_150dA_100Mss_bobN1C20089.txt	107.67	-38.46	186.03	10.75	57041.50	458.12	3.083021e+05	2.020793e+01	6.440260e+00	585.35	81.771700	4541	2.033e-02
300kHz_150dA_100Mss_bobN1C20090.txt	108.2	-37.96	186.82	10.77	57041.50	459.40	3.083021e+05	2.030457e+01	6.442400e+00	596.10	82.905094	4541	2.043e-02
300kHz_150dA_100Mss_bobN1C20091.txt	108.71	-37.35	187.05	10.75	57041.50	459.03	3.083021e+05	2.028448e+01	6.441007e+00	590.34	82.167546	4541	2.053e-02
300kHz_150dA_100Mss_bobN1C20092.txt	109.22	-36.78	187.05	10.53	57041.50	466.41	3.083021e+05	2.061155e+01	6.437507e+00	586.66	80.315235	4541	2.078e-02
300kHz_150dA_100Mss_bobN1C20093.txt	109.73	-36.27	188.42	10.63	57041.50	463.91	3.082343e+05	2.054001e+01	6.440429e+00	595.47	81.862451	4542	2.093e-02
300kHz_150dA_100Mss_bobN1C20094.txt	110.24	-35.86	193.03	10.71	57041.50	460.79	3.083021e+05	2.037327e+01	6.441633e+00	595.26	82.498893	4541	2.151e-02
300kHz_150dA_100Mss_bobN1C20095.txt	111.26	-35.19	192.23	10.56	57041.50	464.76	3.083021e+05	2.065474e+01	6.439319e+00	594.74	81.274188	4541	2.158e-02
300kHz_150dA_100Mss_bobN1C20096.txt	111.78	-34.78	199.07	10.78	57041.50	473.30	3.083021e+05	2.081247e+01	6.441004e+00	605.69	82.166460	4541	2.202e-02
300kHz_150dA_100Mss_bobN1C20097.txt	112.4	-34.28	197.02	10.45	57041.50	474.31	3.083021e+05	2.098138e+01	6.436761e+00	594.32	79.920945	4541	2.229e-02
300kHz_150dA_100Mss_bobN1C20098.txt	112.9	-33.88	199.96	10.57	57041.50	478.77	3.083021e+05	2.109169e+01	6.437265e+00	599.39	80.188151	4541	2.262e-02
300kHz_150dA_100Mss_bobN1C20099.txt	113.42	-33.59	200.26	10.44	57041.50	484.06	3.083021e+05	2.134218e+01	6.438464e+00	611.19	80.822259	4541	2.265e-02
300kHz_150dA_100Mss_bobN1C20100.txt	114.02	-33.29	200.99	10.51	57041.50	490.07	3.083021e+05	2.164699e+01	6.435303e+00	607.40	79.150939	4541	2.274e-02
300kHz_150dA_100Mss_bobN1C20101.txt	114.55	-32.92	203.53	10.39	57041.50	499.75	3.082343e+05	2.206882e+01	6.432841e+00	609.16	77.851216	4542	2.343e-02
300kHz_150dA_100Mss_bobN1C20102.txt	115.05	-32.57	207.05	10.52	57041.50	495.70	3.083021e+05	2.185911e+01	6.435249e+00	613.14	79.122309	4541	2.355e-02
300kHz_150dA_100Mss_bobN1C20103.txt	115.57	-32.20	204.01	10.44	57041.50	479.81	3.082343e+05	2.132606e+01	6.434173e+00	593.85	78.554205	4542	2.348e-02
300kHz_150dA_100Mss_bobN1C20104.txt	116.08	-31.84	208.10	10.48	57041.50	485.30	3.083021e+05	2.151053e+01	6.435643e+00	604.91	79.330699	4541	2.380e-02
300kHz_150dA_100Mss_bobN1C20105.txt	116.59	-31.43	211.05	10.61	57041.50	487.29	3.083021e+05	2.151662e+01	6.437484e+00	612.33	80.304249	4541	2.418e-02
300kHz_150dA_100Mss_bobN1C20106.txt	117.11	-31.01	210.28	10.60	57041.50	482.29	3.083021e+05	2.142250e+01	6.437626e+00	610.21	80.378981	4541	2.407e-02
300kHz_150dA_100Mss_bobN1C20107.txt	117.62	-30.60	209.27	10.34	57041.50	488.69	3.082343e+05	2.171384e+01	6.434039e+00	604.12	78.482888	4542	2.445e-02
300kHz_150dA_100Mss_bobN1C20108.txt	118.11	-30.23	211.21	10.41	57041.50	489.07	3.083021e+05	2.176839e+01	6.433198e+00	602.42	78.038845	4541	2.457e-02
300kHz_150dA_100Mss_bobN1C20109.txt	118.63	-29.92	215.56	10.57	57041.50	486.25	3.083021e+05	2.159257e+01	6.436580e+00	610.92	79.825193	4541	2.501e-02
300kHz_150dA_100Mss_bobN1C20110.txt	119.15	-29.61	217.89	10.57	57041.50	490.13	3.083021e+05	2.176538e+01	6.437381e+00	619.00	80.249588	4541	2.529e-02
300kHz_150dA_100Mss_bobN1C20111.txt	119.67	-29.30	217.93	10.44	57041.50	496.59	3.083021e+05	2.207707e+01	6.434885e+00	617.78	78.929559	4541	2.532e-02
300kHz_150dA_100Mss_bobN1C20112.txt	120.19	-29.04	221.75	10.43	57041.50	510.33	3.083021e+05	2.254794e+01	6.431842e+00	618.39	77.321780	4541	2.609e-02
300kHz_150dA_100Mss_bobN1C20113.txt	120.7	-28.89	220.45	10.38	57041.50	511.52	3.083021e+05	2.270612e+01	6.432302e+00	624.64	77.565063	4541	2.588e-02
300kHz_150dA_100Mss_bobN1C20114.txt	121.73	-28.29	223.18	10.51	57041.50	503.35	3.082343e+05	2.237213e+01	6.432559e+00	616.37	77.700277	4542	2.617e-02
300kHz_150dA_100Mss_bobN1C20115.txt	122.23	-27.96	224.84	10.56	57041.50	500.41	3.083021e+05	2.228108e+01	6.435285e+00	625.12	79.140641	4541	2.621e-02
300kHz_150dA_100Mss_bobN1C20116.txt	122.74	-27.66	226.82	10.44	57041.50	503.08	3.083021e+05	2.242763e+01	6.433564e+00	622.16	78.230820	4541	2.666e-02
300kHz_150dA_100Mss_bobN1C20117.txt	123.26	-27.32	229.14	10.41	57041.50	505.75	3.083021e+05	2.251747e+01	6.431761e+00	617.23	77.279389	4541	2.713e-02
300kHz_150dA_100Mss_bobN1C20118.txt	123.9	-26.87	229.15	10.51	57041.50	500.42	3.083021e+05	2.233769e+01	6.435139e+00	626.11	79.063724	4541	2.723e-02
300kHz_150dA_100Mss_bobN1C20119.txt	124.4	-26.60	232.42	10.51	57041.50	515.22	3.083021e+05	2.289724e+01	6.432687e+00	631.51	77.768634	4541	2.744e-02
300kHz_150dA_100Mss_bobN1C20120.txt	124.91	-26.35	231.39	10.48	57041.50	508.94	3.083021e+05	2.271097e+01	6.433241e+00	628.68	78.061043	4541	2.736e-02
300kHz_150dA_100Mss_bobN1C20121.txt	125.42	-26.09	236.18	10.64	57041.50	506.41	3.083021e+05	2.256374e+01	6.437906e+00	643.87	80.527113	4541	2.782e-02
300kHz_150dA_100Mss_bobN1C20122.txt	125.91	-25.85	234.72	10.58	57041.50	506.52	3.083021e+05	2.262791e+01	6.435384e+00	635.26	79.193490	4541	2.762e-02
300kHz_150dA_100Mss_bobN1C20123.txt	126.43	-25.54	235.24	10.44	57041.50	511.00	3.082343e+05	2.286074e+01	6.431741e+00	626.41	77.268725	4542	2.823e-02
300kHz_150dA_100Mss_bobN1C20124.txt	126.93	-25.24	237.49	10.56	57041.50	506.96	3.083021e+05	2.267613e+01	6.434558e+00	633.19	78.756633	4541	2.814e-02
300kHz_150dA_100Mss_bobN1C20125.txt	127.45	-24.93	239.04	10.40	57041.50	518.34	3.083021e+05	2.315378e+01	6.429504e+00	625.10	76.088190	4541	2.886e-02
300kHz_150dA_100Mss_bobN1C20126.txt	127.98	-24.61	237.73	10.51	57041.50	512.91	3.083021e+05	2.299284e+01	6.431973e+00	631.15	77.391052	4541	2.838e-02
300kHz_150dA_100Mss_bobN1C20127.txt	128.5	-24.30	241.30	10.47	57041.50	514.43	3.082343e+05	2.301407e+01	6.431771e+00	630.74	77.284608	4542	2.900e-02
300kHz_150dA_100Mss_bobN1C20128.txt	129.01	-24.00	243.21	10.54	57041.50	516.72	3.082343e+05	2.312795e+01	6.432970e+00	638.94	77.917745	4542	2.918e-02
300kHz_150dA_100Mss_bobN1C20129.txt	129.54	-23.73	243.57	10.58	57041.50	520.44	3.083021e+05	2.327508e+01	6.433659e+00	646.08	78.282546	4541	2.916e-02
300kHz_150dA_100Mss_bobN1C20130.txt	130.05	-23.46	247.27	10.53	57041.50	531.12	3.083021e+05	2.373137e+01	6.432194e+00	652.38	77.508434	4541	2.959e-02
300kHz_150dA_100Mss_bobN1C20131.txt	130.55	-23.11	247.87	10.49	57041.50	525.83	3.083021e+05	2.349498e+01	6.430692e+00	639.42	76.715066	4541	2.988e-02
300kHz_150dA_100Mss_bobN1C20132.txt	131.06	-22.76	246.21	10.52	57041.50	520.46	3.083021e+05	2.331815e+01	6.430935e+00	635.65	76.843690	4541	2.991e-02
300kHz_150dA_100Mss_bobN1C20133.txt	132.09	-22.06	248.58	10.59	57041.50	521.70	3.083021e+05	2.343953e+01	6.434112e+00	652.59	78.521228	4541	2.968e-02
300kHz_150dA_100Mss_bobN1C20134.txt	132.6	-21.80	251.11	10.68	57041.50	528.06	3.083021e+05	2.363394e+01	6.434302e+00	658.82	78.621323	4541	3.014e-02
300kHz_150dA_100Mss_bobN1C20135.txt	133.12	-21.53	253.12	10.58	57041.50	526.53	3.082343e+05	2.359264e+01	6.432826e+00	651.15	77.841156	4542	3.039e-02
300kHz_150dA_100Mss_bobN1C20136.txt	133.63	-21.22	250.97	10.40	57041.50	529.07	3.083021e+05	2.371159e+01	6.426591e+00	627.50	74.551500	4541	3.073e-02
300kHz_150dA_100Mss_bobN1C20137.txt	134.23	-20.91	254.27	10.60	57041.50	531.53	3.083021e+05	2.380448e+01	6.430579e+00	647.35	76.655560	4541	3.082e-02
300kHz_150dA_100Mss_bobN1C20138.txt	134.74	-20.70	253.90	10.50	57041.50	532.13	3.083021e+05	2.381618e+01	6.427817e+00	635.62	75.198484	4541	3.116e-02
300kHz_150dA_100Mss_bobN1C20139.txt	135.27	-20.46	256.06	10.63	57041.50	527.98	3.083021e+05	2.367726e+01	6.432048e+00	650.26	77.431096	4541	3.107e-02
300kHz_150dA_100Mss_bobN1C20140.txt	135.79	-20.21	255.06	10.56	57041.50	526.54	3.083021e+05	2.365382e+01	6.430168e+00	641.47	76.438729	4541	3.118e-02
300kHz_150dA_100Mss_bobN1C20141.txt	136.32	-19.94	256.33	10.66	57041.50	527.96	3.083021e+05	2.370486e+01	6.434138e+00	660.09	78.534879	4541	3.092e-02
300kHz_150dA_100Mss_bobN1C20142.txt	136.84	-19.68	259.51	10.58	57041.50	534.58	3.083021e+05	2.392588e+01	6.431745e+00	655.76	77.270589	4541	3.127e-02
300kHz_150dA_100Mss_bobN1C20143.txt	137.35	-19.46	258.84	10.62	57041.50	538.95	3.083021e+05	2.415879e+01	6.432033e+00	663.42	77.423146	4541	3.142e-02
300kHz_150dA_100Mss_bobN1C20144.txt	137.86	-19.26	261.96	10.62	57041.50	538.16	3.083021e+05	2.404302e+01	6.431251e+00	656.80	77.010134	4541	3.213e-02
300kHz_150dA_100Mss_bobN1C20145.txt	138.37	-19.13	258.55	10.60	57041.50	535.62	3.082343e+05	2.407979e+01	6.432008e+00	660.99	77.410306	4542	3.121e-02
300kHz_150dA_100Mss_bobN1C20146.txt	138.88	-19.02	262.24	10.64	57041.50	540.87	3.083021e+05	2.425085e+01	6.434233e+00	675.72	78.585654	4541	3.173e-02
300kHz_150dA_100Mss_bobN1C20147.txt	139.38	-18.81	260.93	10.54	57041.50	537.67	3.083021e+05	2.415197e+01	6.431109e+00	659.14	76.935584	4541	3.193e-02
300kHz_150dA_100Mss_bobN1C20148.txt	139.88	-18.56	261.86	10.65	57041.50	535.73	3.083021e+05	2.399473e+01	6.431046e+00	654.58	76.902563	4541	3.181e-02
300kHz_150dA_100Mss_bobN1C20149.txt	140.39	-18.11	259.77	10.48	57041.50	531.44	3.083021e+05	2.390409e+01	6.429190e+00	643.98	75.922623	4541	3.197e-02
300kHz_150dA_100Mss_bobN1C20150.txt	140.89	-17.61	261.83	10.51	57041.50	550.20	3.083021e+05	2.462818e+01	6.427898e+00	657.65	75.241624	4541	3.183e-02
300kHz_150dA_100Mss_bobN1C20151.txt	141.4	-17.34	263.88	10.70	57041.50	548.13	3.082343e+05	2.457770e+01	6.433987e+00	683.56	78.455698	4542	3.206e-02
300kHz_150dA_100Mss_bobN1C20152.txt	142.43	-16.93	261.65	10.59	57041.50	538.62	3.083021e+05	2.420378e+01	6.429881e+00	655.11	76.287449	4541	3.201e-02
300kHz_150dA_100Mss_bobN1C20153.txt	142.95	-16.72	261.32	10.57	57041.50	535.67	3.083021e+05	2.410346e+01	6.430962e+00	657.17	76.858252	4541	3.195e-02
300kHz_150dA_100Mss_bobN1C20154.txt	143.46	-16.52	264.96	10.63	57041.50	541.48	3.083021e+05	2.424813e+01	6.430807e+00	660.42	76.775839	4541	3.220e-02
300kHz_150dA_100Mss_bobN1C20155.txt	143.98	-16.31	265.82	10.63	57041.50	537.83	3.083021e+05	2.411278e+01	6.431768e+00	660.98	77.283338	4541	3.235e-02
300kHz_150dA_100Mss_bobN1C20156.txt	144.48	-16.16	263.76	10.60	57041.50	536.38	3.083021e+05	2.409515e+01	6.430715e+00	655.85	76.728037	4541	3.223e-02
300kHz_150dA_100Mss_bobN1C20157.txt	145.0	-16.00	263.15	10.62	57041.50	534.57	3.083021e+05	2.408227e+01	6.433534e+00	667.94	78.216529	4541	3.185e-02
300kHz_150dA_100Mss_bobN1C20158.txt	145.5	-15.85	258.51	10.40	57041.50	542.42	3.083021e+05	2.441483e+01	6.427043e+00	648.13	74.790561	4541	3.176e-02
300kHz_150dA_100Mss_bobN1C20159.txt	146.02	-15.69	262.82	10.40	57041.50	542.09	3.082343e+05	2.427680e+01	6.426500e+00	641.91	74.503713	4542	3.230e-02
300kHz_150dA_100Mss_bobN1C20160.txt	146.53	-15.49	265.13	10.65	57041.50	538.40	3.083021e+05	2.412849e+01	6.431242e+00	659.09	77.005508	4541	3.208e-02
300kHz_150dA_100Mss_bobN1C20161.txt	147.05	-15.28	264.93	10.62	57041.50	547.44	3.083021e+05	2.449154e+01	6.430848e+00	667.24	76.798276	4541	3.204e-02
300kHz_150dA_100Mss_bobN1C20162.txt	147.58	-15.07	262.67	10.45	57041.50	550.10	3.083021e+05	2.466362e+01	6.426758e+00	653.45	74.640128	4541	3.207e-02
300kHz_150dA_100Mss_bobN1C20163.txt	148.08	-14.85	263.03	10.58	57041.50	540.67	3.082343e+05	2.427817e+01	6.430639e+00	660.35	76.687749	4542	3.168e-02
300kHz_150dA_100Mss_bobN1C20164.txt	148.59	-14.55	261.07	10.51	57041.50	542.75	3.083021e+05	2.439824e+01	6.427935e+00	651.68	75.260839	4541	3.170e-02
300kHz_150dA_100Mss_bobN1C20165.txt	149.08	-14.26	262.59	10.52	57041.50	543.21	3.083021e+05	2.439026e+01	6.428398e+00	653.54	75.505363	4541	3.175e-02
300kHz_150dA_100Mss_bobN1C20166.txt	149.59	-14.00	261.57	10.49	57041.50	539.02	3.083021e+05	2.427600e+01	6.430438e+00	659.55	76.581748	4541	3.164e-02
300kHz_150dA_100Mss_bobN1C20167.txt	150.1	-13.76	260.77	10.28	57041.50	547.19	3.083021e+05	2.454784e+01	6.422093e+00	629.38	72.182776	4541	3.229e-02
300kHz_150dA_100Mss_bobN1C20168.txt	150.61	-13.56	260.28	10.40	57041.50	535.90	3.083021e+05	2.408821e+01	6.428531e+00	646.03	75.576030	4541	3.175e-02
300kHz_150dA_100Mss_bobN1C20169.txt	151.12	-13.36	260.37	10.37	57041.50	537.49	3.083021e+05	2.422415e+01	6.426107e+00	638.91	74.297527	4541	3.182e-02
300kHz_150dA_100Mss_bobN1C20170.txt	151.63	-13.21	261.98	10.47	57041.50	540.44	3.083021e+05	2.429774e+01	6.429213e+00	654.68	75.935424	4541	3.160e-02
300kHz_150dA_100Mss_bobN1C20171.txt	152.65	-12.97	258.36	10.28	57041.50	538.08	3.083021e+05	2.422278e+01	6.425547e+00	636.39	74.002138	4541	3.175e-02
300kHz_150dA_100Mss_bobN1C20172.txt	153.17	-12.87	259.79	10.40	57041.50	539.28	3.083021e+05	2.424719e+01	6.426924e+00	643.15	74.727891	4541	3.160e-02
300kHz_150dA_100Mss_bobN1C20173.txt	153.75	-12.75	258.81	10.40	57041.50	534.12	3.082343e+05	2.402008e+01	6.426247e+00	634.01	74.371235	4542	3.163e-02
300kHz_150dA_100Mss_bobN1C20174.txt	154.26	-12.60	261.63	10.36	57041.50	538.96	3.082343e+05	2.412942e+01	6.426609e+00	638.49	74.561858	4542	3.202e-02
300kHz_150dA_100Mss_bobN1C20175.txt	154.77	-12.39	260.32	10.31	57041.50	550.39	3.083021e+05	2.464700e+01	6.425087e+00	645.46	73.759866	4541	3.184e-02
300kHz_150dA_100Mss_bobN1C20176.txt	155.27	-12.25	256.42	10.25	57041.50	542.42	3.083021e+05	2.443416e+01	6.424417e+00	636.88	73.407181	4541	3.160e-02
300kHz_150dA_100Mss_bobN1C20177.txt	155.77	-12.15	257.08	10.28	57041.50	537.80	3.083021e+05	2.419637e+01	6.425216e+00	634.23	73.827789	4541	3.141e-02
300kHz_150dA_100Mss_bobN1C20178.txt	156.27	-11.91	256.96	10.31	57041.50	534.83	3.083021e+05	2.408076e+01	6.426023e+00	634.76	74.252961	4541	3.146e-02
300kHz_150dA_100Mss_bobN1C20179.txt	156.77	-11.56	257.95	10.32	57041.50	533.79	3.083021e+05	2.398687e+01	6.425983e+00	632.11	74.231888	4541	3.146e-02
300kHz_150dA_100Mss_bobN1C20180.txt	157.29	-11.37	254.54	10.17	57041.50	535.18	3.083021e+05	2.407898e+01	6.424874e+00	629.64	73.647738	4541	3.154e-02
300kHz_150dA_100Mss_bobN1C20181.txt	157.8	-11.32	254.86	10.23	57041.50	536.26	3.083021e+05	2.409633e+01	6.424900e+00	630.21	73.661692	4541	3.125e-02
300kHz_150dA_100Mss_bobN1C20182.txt	158.31	-11.08	255.11	10.09	57041.50	552.49	3.083021e+05	2.472182e+01	6.420262e+00	625.54	71.219049	4541	3.181e-02
300kHz_150dA_100Mss_bobN1C20183.txt	158.82	-10.73	255.98	10.13	57041.50	547.22	3.083021e+05	2.448488e+01	6.420942e+00	622.60	71.577147	4541	3.180e-02
300kHz_150dA_100Mss_bobN1C20184.txt	159.32	-10.38	252.23	10.07	57041.50	546.63	3.083021e+05	2.454323e+01	6.420510e+00	622.14	71.350284	4541	3.158e-02
300kHz_150dA_100Mss_bobN1C20185.txt	159.84	-10.01	252.09	9.94	57041.50	539.70	3.083021e+05	2.421412e+01	6.418412e+00	604.48	70.245182	4541	3.198e-02
300kHz_150dA_100Mss_bobN1C20186.txt	160.35	-9.59	254.29	10.20	57041.50	533.51	3.083021e+05	2.391602e+01	6.423550e+00	619.58	72.950219	4541	3.128e-02
300kHz_150dA_100Mss_bobN1C20187.txt	160.88	-9.11	249.73	9.99	57041.50	534.22	3.082343e+05	2.407516e+01	6.421783e+00	615.76	72.019771	4542	3.147e-02
300kHz_150dA_100Mss_bobN1C20188.txt	161.52	-8.53	251.93	10.08	57041.50	537.06	3.083021e+05	2.404576e+01	6.419602e+00	605.53	70.872222	4541	3.139e-02
300kHz_150dA_100Mss_bobN1C20189.txt	162.03	-8.08	254.75	10.18	57041.50	533.13	3.083021e+05	2.387149e+01	6.424510e+00	622.62	73.456604	4541	3.130e-02
300kHz_150dA_100Mss_bobN1C20190.txt	163.09	-7.42	248.15	9.98	57041.50	529.34	3.082343e+05	2.381254e+01	6.419077e+00	597.23	70.596651	4542	3.120e-02
300kHz_150dA_100Mss_bobN1C20191.txt	163.61	-6.95	249.86	9.97	57041.50	537.72	3.082343e+05	2.409592e+01	6.420796e+00	611.93	71.501273	4542	3.140e-02
300kHz_150dA_100Mss_bobN1C20192.txt	164.13	-6.51	244.89	9.80	57041.50	535.81	3.083021e+05	2.411460e+01	6.414243e+00	583.54	68.055633	4541	3.135e-02
300kHz_150dA_100Mss_bobN1C20193.txt	164.64	-6.15	247.66	10.00	57041.50	526.59	3.083021e+05	2.366648e+01	6.420628e+00	600.43	71.411988	4541	3.099e-02
300kHz_150dA_100Mss_bobN1C20194.txt	165.16	-5.77	245.40	10.01	57041.50	529.03	3.082343e+05	2.378929e+01	6.419715e+00	599.43	70.932188	4542	3.071e-02
300kHz_150dA_100Mss_bobN1C20195.txt	165.66	-5.37	244.33	9.83	57041.50	530.23	3.083021e+05	2.382874e+01	6.419109e+00	597.91	70.613625	4541	3.102e-02
300kHz_150dA_100Mss_bobN1C20196.txt	166.17	-5.00	245.02	9.92	57041.50	532.33	3.083021e+05	2.391726e+01	6.418738e+00	598.50	70.418508	4541	3.077e-02
300kHz_150dA_100Mss_bobN1C20197.txt	166.67	-4.70	243.04	9.86	57041.50	526.07	3.083021e+05	2.368759e+01	6.417636e+00	587.96	69.838498	4541	3.080e-02
300kHz_150dA_100Mss_bobN1C20198.txt	167.17	-4.40	245.72	9.89	57041.50	526.53	3.083021e+05	2.364584e+01	6.419602e+00	595.45	70.872454	4541	3.080e-02
300kHz_150dA_100Mss_bobN1C20199.txt	167.68	-4.09	241.82	9.76	57041.50	523.95	3.083021e+05	2.364012e+01	6.416833e+00	583.30	69.416575	4541	3.084e-02
300kHz_150dA_100Mss_bobN1C20200.txt	168.18	-3.79	241.51	9.78	57041.50	526.29	3.083021e+05	2.369056e+01	6.415983e+00	580.85	68.969822	4541	3.074e-02
300kHz_150dA_100Mss_bobN1C20201.txt	168.68	-3.49	243.62	9.79	57041.50	543.84	3.083021e+05	2.430782e+01	6.414807e+00	590.74	68.352363	4541	3.059e-02
300kHz_150dA_100Mss_bobN1C20202.txt	169.19	-3.13	242.89	9.80	57041.50	526.44	3.083021e+05	2.363184e+01	6.417058e+00	584.07	69.535085	4541	3.084e-02
300kHz_150dA_100Mss_bobN1C20203.txt	169.7	-2.67	240.96	9.77	57041.50	520.41	3.082343e+05	2.340433e+01	6.416972e+00	577.95	69.489877	4542	3.029e-02
300kHz_150dA_100Mss_bobN1C20204.txt	170.22	-2.31	240.68	9.77	57041.50	519.63	3.083021e+05	2.337870e+01	6.417331e+00	578.99	69.678769	4541	3.050e-02
300kHz_150dA_100Mss_bobN1C20205.txt	170.73	-2.11	239.14	9.68	57041.50	514.61	3.083021e+05	2.320413e+01	6.416069e+00	569.29	69.015330	4541	3.029e-02
300kHz_150dA_100Mss_bobN1C20206.txt	171.26	-1.84	237.75	9.66	57041.50	517.74	3.083021e+05	2.333899e+01	6.416252e+00	573.38	69.110887	4541	3.010e-02
300kHz_150dA_100Mss_bobN1C20207.txt	171.77	-1.54	238.71	9.68	57041.50	525.08	3.083021e+05	2.356259e+01	6.413836e+00	568.42	67.841030	4541	3.056e-02
300kHz_150dA_100Mss_bobN1C20208.txt	172.28	-1.26	236.81	9.65	57041.50	516.39	3.083021e+05	2.325627e+01	6.414916e+00	565.65	68.409228	4541	2.995e-02
300kHz_150dA_100Mss_bobN1C20209.txt	173.29	-0.76	238.48	9.71	57041.50	523.20	3.083021e+05	2.345502e+01	6.415886e+00	574.66	68.919128	4541	3.031e-02
300kHz_150dA_100Mss_bobN1C20210.txt	173.8	-0.50	236.24	9.60	57041.50	523.55	3.083021e+05	2.351448e+01	6.413579e+00	566.16	67.707000	4541	3.000e-02
300kHz_150dA_100Mss_bobN1C20211.txt	174.4	-0.12	235.57	9.58	57041.50	516.58	3.082343e+05	2.320925e+01	6.414176e+00	561.23	68.020444	4542	3.008e-02
300kHz_150dA_100Mss_bobN1C20212.txt	174.9	0.23	234.21	9.56	57041.50	516.99	3.082343e+05	2.330453e+01	6.415267e+00	568.20	68.593852	4542	3.003e-02
300kHz_150dA_100Mss_bobN1C20213.txt	175.42	0.51	235.90	9.61	57041.50	518.09	3.083021e+05	2.330515e+01	6.415812e+00	570.67	68.880196	4541	2.988e-02
300kHz_150dA_100Mss_bobN1C20214.txt	175.94	0.77	234.28	9.50	57041.50	528.77	3.083021e+05	2.372922e+01	6.412377e+00	566.09	67.075883	4541	3.003e-02
300kHz_150dA_100Mss_bobN1C20215.txt	176.43	1.02	232.50	9.34	57041.50	533.07	3.083021e+05	2.386944e+01	6.410819e+00	562.60	66.257766	4541	2.998e-02
300kHz_150dA_100Mss_bobN1C20216.txt	176.94	1.27	231.59	9.42	57041.50	517.13	3.083021e+05	2.324805e+01	6.412170e+00	553.73	66.966968	4541	2.954e-02
300kHz_150dA_100Mss_bobN1C20217.txt	177.45	1.52	232.84	9.50	57041.50	512.17	3.083021e+05	2.304447e+01	6.413244e+00	553.42	67.530344	4541	2.975e-02
300kHz_150dA_100Mss_bobN1C20218.txt	177.95	1.77	232.20	9.39	57041.50	528.05	3.083021e+05	2.367879e+01	6.409701e+00	553.25	65.671160	4541	2.972e-02
300kHz_150dA_100Mss_bobN1C20219.txt	178.46	2.03	231.31	9.27	57041.50	522.18	3.083021e+05	2.336628e+01	6.409450e+00	544.87	65.539015	4541	3.001e-02
300kHz_150dA_100Mss_bobN1C20220.txt	178.99	2.30	231.02	9.36	57041.50	522.83	3.083021e+05	2.345509e+01	6.409489e+00	547.11	65.559595	4541	2.971e-02
300kHz_150dA_100Mss_bobN1C20221.txt	179.49	2.50	228.51	9.25	57041.50	523.71	3.083021e+05	2.358892e+01	6.407734e+00	542.62	64.639224	4541	2.968e-02
300kHz_150dA_100Mss_bobN1C20222.txt	180.0	2.70	230.46	9.30	57041.50	516.09	3.083021e+05	2.322401e+01	6.410715e+00	546.95	66.203162	4541	2.981e-02
300kHz_150dA_100Mss_bobN1C20223.txt	180.54	3.13	228.33	9.24	57041.50	526.05	3.083021e+05	2.360838e+01	6.406176e+00	536.31	63.822570	4541	2.976e-02
300kHz_150dA_100Mss_bobN1C20224.txt	181.05	3.54	227.88	9.33	57041.50	514.24	3.083021e+05	2.312753e+01	6.408939e+00	537.13	65.271902	4541	2.934e-02
300kHz_150dA_100Mss_bobN1C20225.txt	181.58	3.91	232.08	9.40	57041.50	513.28	3.083021e+05	2.301227e+01	6.412428e+00	549.20	67.102545	4541	2.960e-02
300kHz_150dA_100Mss_bobN1C20226.txt	182.09	4.25	231.02	9.28	57041.50	519.94	3.083021e+05	2.333556e+01	6.410845e+00	550.13	66.271815	4541	2.980e-02
300kHz_150dA_100Mss_bobN1C20227.txt	182.59	4.50	228.97	9.32	57041.50	517.19	3.083021e+05	2.325533e+01	6.409985e+00	544.56	65.819767	4541	2.949e-02
300kHz_150dA_100Mss_bobN1C20228.txt	183.59	5.00	226.53	9.16	57041.50	514.30	3.083021e+05	2.312612e+01	6.407401e+00	530.56	64.464752	4541	2.960e-02
300kHz_150dA_100Mss_bobN1C20229.txt	184.08	5.25	225.23	9.13	57041.50	518.00	3.083021e+05	2.329037e+01	6.408592e+00	539.43	65.089654	4541	2.955e-02
300kHz_150dA_100Mss_bobN1C20230.txt	184.58	5.55	227.31	9.21	57041.50	515.39	3.083021e+05	2.310466e+01	6.406414e+00	525.88	63.947316	4541	2.956e-02
300kHz_150dA_100Mss_bobN1C20231.txt	185.09	5.83	225.45	9.07	57041.50	514.03	3.083021e+05	2.308186e+01	6.405899e+00	523.18	63.676700	4541	2.981e-02
300kHz_150dA_100Mss_bobN1C20232.txt	185.6	5.98	226.59	9.18	57041.50	508.62	3.083021e+05	2.290249e+01	6.409457e+00	534.08	65.542688	4541	2.951e-02
300kHz_150dA_100Mss_bobN1C20233.txt	186.1	6.17	225.84	9.12	57041.50	513.29	3.083021e+05	2.304897e+01	6.406874e+00	526.56	64.188896	4541	2.961e-02
300kHz_150dA_100Mss_bobN1C20234.txt	186.6	6.52	223.07	9.06	57041.50	511.31	3.083021e+05	2.302743e+01	6.407525e+00	528.82	64.529812	4541	2.947e-02
300kHz_150dA_100Mss_bobN1C20235.txt	187.11	6.86	225.32	9.10	57041.50	509.85	3.083021e+05	2.292675e+01	6.407059e+00	524.55	64.285550	4541	2.960e-02
300kHz_150dA_100Mss_bobN1C20236.txt	187.6	7.10	223.03	9.20	57041.50	505.86	3.082343e+05	2.278184e+01	6.408152e+00	525.69	64.859316	4542	2.906e-02
300kHz_150dA_100Mss_bobN1C20237.txt	188.11	7.36	224.42	9.13	57041.50	511.31	3.083021e+05	2.296970e+01	6.407129e+00	525.83	64.322637	4541	2.934e-02
300kHz_150dA_100Mss_bobN1C20238.txt	188.6	7.60	224.13	9.11	57041.50	515.33	3.083021e+05	2.311233e+01	6.405348e+00	521.53	63.389036	4541	2.948e-02
300kHz_150dA_100Mss_bobN1C20239.txt	189.1	7.84	222.42	9.02	57041.50	513.36	3.083021e+05	2.310945e+01	6.405876e+00	523.70	63.665068	4541	2.949e-02
300kHz_150dA_100Mss_bobN1C20240.txt	189.61	8.04	223.62	9.13	57041.50	513.66	3.083021e+05	2.306534e+01	6.407221e+00	528.40	64.371048	4541	2.919e-02
300kHz_150dA_100Mss_bobN1C20241.txt	190.12	8.25	222.31	9.06	57041.50	512.75	3.083021e+05	2.303506e+01	6.404452e+00	515.99	62.919061	4541	2.926e-02
300kHz_150dA_100Mss_bobN1C20242.txt	190.63	8.45	221.22	9.02	57041.50	511.35	3.083021e+05	2.299915e+01	6.405604e+00	520.06	63.522900	4541	2.922e-02
300kHz_150dA_100Mss_bobN1C20243.txt	191.14	8.70	221.17	8.93	57041.50	512.82	3.082343e+05	2.298033e+01	6.402637e+00	506.98	61.968081	4542	2.966e-02
300kHz_150dA_100Mss_bobN1C20244.txt	191.65	9.06	219.62	8.88	57041.50	513.59	3.083021e+05	2.306136e+01	6.403048e+00	510.62	62.183311	4541	2.947e-02
300kHz_150dA_100Mss_bobN1C20245.txt	192.14	9.40	216.82	8.91	57041.50	510.43	3.083021e+05	2.298199e+01	6.400450e+00	497.89	60.823390	4541	2.916e-02
300kHz_150dA_100Mss_bobN1C20246.txt	192.65	9.76	217.22	8.85	57041.50	510.94	3.083021e+05	2.300230e+01	6.402215e+00	505.80	61.747730	4541	2.927e-02
300kHz_150dA_100Mss_bobN1C20247.txt	193.66	10.13	219.44	8.88	57041.50	514.46	3.083021e+05	2.309749e+01	6.402697e+00	509.94	61.999845	4541	2.942e-02
300kHz_150dA_100Mss_bobN1C20248.txt	194.17	10.30	218.30	8.85	57041.50	512.79	3.083021e+05	2.300896e+01	6.402307e+00	506.33	61.795543	4541	2.937e-02
300kHz_150dA_100Mss_bobN1C20249.txt	194.68	10.61	219.53	8.96	57041.50	510.61	3.083021e+05	2.287429e+01	6.402949e+00	506.07	62.132120	4541	2.932e-02
300kHz_150dA_100Mss_bobN1C20250.txt	195.26	10.93	216.16	8.81	57041.50	508.41	3.082343e+05	2.291781e+01	6.400556e+00	496.84	60.878573	4542	2.943e-02
300kHz_150dA_100Mss_bobN1C20251.txt	195.76	11.18	217.20	8.81	57041.50	513.04	3.083021e+05	2.304254e+01	6.399475e+00	495.07	60.312828	4541	2.953e-02
300kHz_150dA_100Mss_bobN1C20252.txt	196.26	11.43	216.39	8.73	57041.50	523.83	3.083021e+05	2.335537e+01	6.399373e+00	501.35	60.259821	4541	2.951e-02
300kHz_150dA_100Mss_bobN1C20253.txt	196.78	11.69	213.87	8.68	57041.50	513.01	3.083021e+05	2.305904e+01	6.398756e+00	492.37	59.936246	4541	2.939e-02
300kHz_150dA_100Mss_bobN1C20254.txt	197.31	11.92	217.19	8.75	57041.50	516.78	3.083021e+05	2.312332e+01	6.400250e+00	500.10	60.718695	4541	2.955e-02
300kHz_150dA_100Mss_bobN1C20255.txt	197.81	12.12	214.99	8.72	57041.50	514.29	3.082343e+05	2.308724e+01	6.396555e+00	483.52	58.785182	4542	2.919e-02
300kHz_150dA_100Mss_bobN1C20256.txt	198.33	12.37	212.64	8.74	57041.50	511.81	3.082343e+05	2.301698e+01	6.398041e+00	488.34	59.562844	4542	2.872e-02
300kHz_150dA_100Mss_bobN1C20257.txt	198.84	12.62	213.22	8.69	57041.50	507.16	3.083021e+05	2.278459e+01	6.398970e+00	487.41	60.048265	4541	2.923e-02
300kHz_150dA_100Mss_bobN1C20258.txt	199.34	12.84	215.40	8.86	57041.50	495.85	3.082343e+05	2.228447e+01	6.400342e+00	482.23	60.766852	4542	2.886e-02
300kHz_150dA_100Mss_bobN1C20259.txt	199.86	13.04	214.36	8.76	57041.50	497.35	3.083021e+05	2.240422e+01	6.400788e+00	486.77	60.999848	4541	2.914e-02
300kHz_150dA_100Mss_bobN1C20260.txt	200.37	13.36	212.65	8.62	57041.50	521.88	3.083021e+05	2.342547e+01	6.395726e+00	487.14	58.350884	4541	2.941e-02
300kHz_150dA_100Mss_bobN1C20261.txt	200.88	13.72	214.47	8.74	57041.50	523.18	3.083021e+05	2.340223e+01	6.397506e+00	494.32	59.282398	4541	2.918e-02
300kHz_150dA_100Mss_bobN1C20262.txt	201.39	13.92	212.55	8.59	57041.50	521.32	3.083021e+05	2.331966e+01	6.393058e+00	473.49	56.956201	4541	2.925e-02
300kHz_150dA_100Mss_bobN1C20263.txt	201.9	14.07	210.00	8.59	57041.50	509.48	3.083021e+05	2.287515e+01	6.397658e+00	483.83	59.361029	4541	2.876e-02
300kHz_150dA_100Mss_bobN1C20264.txt	202.41	14.35	209.69	8.59	57041.50	508.23	3.083021e+05	2.289835e+01	6.397723e+00	484.59	59.395521	4541	2.877e-02
300kHz_150dA_100Mss_bobN1C20265.txt	202.94	14.66	208.54	8.46	57041.50	508.55	3.083021e+05	2.280604e+01	6.395312e+00	472.52	58.133740	4541	2.897e-02
300kHz_150dA_100Mss_bobN1C20266.txt	203.99	14.90	209.90	8.41	57041.50	518.16	3.083021e+05	2.320762e+01	6.391345e+00	463.90	56.060798	4541	2.946e-02
300kHz_150dA_100Mss_bobN1C20267.txt	204.52	15.06	212.30	8.56	57041.50	515.83	3.083021e+05	2.307539e+01	6.394169e+00	473.25	57.536657	4541	2.924e-02
300kHz_150dA_100Mss_bobN1C20268.txt	205.1	15.27	209.75	8.54	57041.50	514.23	3.083021e+05	2.303107e+01	6.393147e+00	468.01	57.002941	4541	2.891e-02
300kHz_150dA_100Mss_bobN1C20269.txt	205.62	15.63	208.40	8.47	57041.50	514.04	3.083021e+05	2.304970e+01	6.393575e+00	470.21	57.226807	4541	2.922e-02
300kHz_150dA_100Mss_bobN1C20270.txt	206.12	15.95	208.19	8.40	57041.50	511.94	3.083021e+05	2.291222e+01	6.390943e+00	456.30	55.850950	4541	2.917e-02
300kHz_150dA_100Mss_bobN1C20271.txt	206.68	16.17	207.27	8.46	57041.50	513.79	3.083021e+05	2.296228e+01	6.389279e+00	450.26	54.982315	4541	2.892e-02
300kHz_150dA_100Mss_bobN1C20272.txt	207.19	16.38	205.63	8.46	57041.50	511.07	3.083021e+05	2.294455e+01	6.391250e+00	458.24	56.012432	4541	2.860e-02
300kHz_150dA_100Mss_bobN1C20273.txt	207.69	16.58	206.71	8.40	57041.50	512.07	3.083021e+05	2.291900e+01	6.392766e+00	464.12	56.803901	4541	2.865e-02
300kHz_150dA_100Mss_bobN1C20274.txt	208.22	16.79	206.23	8.45	57041.50	509.31	3.083021e+05	2.283303e+01	6.391363e+00	456.49	56.071121	4541	2.871e-02
300kHz_150dA_100Mss_bobN1C20275.txt	208.72	16.99	202.57	8.29	57041.50	510.06	3.083021e+05	2.283620e+01	6.391642e+00	457.72	56.216119	4541	2.837e-02
300kHz_150dA_100Mss_bobN1C20276.txt	209.25	17.23	207.37	8.43	57041.50	510.81	3.083021e+05	2.286239e+01	6.391348e+00	457.01	56.062813	4541	2.899e-02
300kHz_150dA_100Mss_bobN1C20277.txt	209.76	17.48	205.40	8.44	57041.50	509.84	3.082343e+05	2.286347e+01	6.391941e+00	459.43	56.372908	4542	2.846e-02
300kHz_150dA_100Mss_bobN1C20278.txt	210.31	17.76	205.57	8.43	57041.50	512.68	3.083021e+05	2.294043e+01	6.390241e+00	453.89	55.484790	4541	2.873e-02
300kHz_150dA_100Mss_bobN1C20279.txt	210.81	18.01	204.27	8.34	57041.50	514.64	3.083021e+05	2.303965e+01	6.389101e+00	451.02	54.889486	4541	2.851e-02
300kHz_150dA_100Mss_bobN1C20280.txt	211.35	18.20	203.71	8.33	57041.50	511.67	3.082343e+05	2.295061e+01	6.389264e+00	449.87	54.974742	4542	2.855e-02
300kHz_150dA_100Mss_bobN1C20281.txt	211.86	18.36	203.56	8.30	57041.50	504.99	3.083021e+05	2.263639e+01	6.391309e+00	452.33	56.042657	4541	2.848e-02
300kHz_150dA_100Mss_bobN1C20282.txt	212.4	18.56	202.46	8.25	57041.50	507.97	3.083021e+05	2.272774e+01	6.391322e+00	454.21	56.048933	4541	2.844e-02
300kHz_150dA_100Mss_bobN1C20283.txt	213.24	18.85	201.60	8.24	57041.50	506.36	3.083021e+05	2.267558e+01	6.388070e+00	439.59	54.350962	4541	2.846e-02
300kHz_150dA_100Mss_bobN1C20284.txt	213.79	18.96	203.96	8.40	57041.50	504.52	3.083021e+05	2.256638e+01	6.389869e+00	444.95	55.290685	4541	2.853e-02
300kHz_150dA_100Mss_bobN1C20285.txt	215.27	19.68	200.44	8.19	57041.50	507.28	3.082343e+05	2.270100e+01	6.386823e+00	434.77	53.700479	4542	2.854e-02
300kHz_150dA_100Mss_bobN1C20286.txt	215.95	19.88	201.36	8.32	57041.50	512.25	3.083021e+05	2.294020e+01	6.387941e+00	444.18	54.284429	4541	2.843e-02
300kHz_150dA_100Mss_bobN1C20287.txt	216.59	20.14	200.10	8.19	57041.50	507.34	3.083021e+05	2.275211e+01	6.386385e+00	434.01	53.472443	4541	2.843e-02
300kHz_150dA_100Mss_bobN1C20288.txt	217.18	20.35	198.88	8.16	57041.50	507.41	3.083021e+05	2.273654e+01	6.385622e+00	430.52	53.073953	4541	2.834e-02
300kHz_150dA_100Mss_bobN1C20289.txt	217.8	20.54	196.89	8.12	57041.50	503.66	3.083021e+05	2.262104e+01	6.383526e+00	419.60	51.980049	4541	2.824e-02
300kHz_150dA_100Mss_bobN1C20290.txt	218.33	20.70	199.08	8.15	57041.50	504.64	3.083021e+05	2.259581e+01	6.385134e+00	425.83	52.819209	4541	2.842e-02
300kHz_150dA_100Mss_bobN1C20291.txt	219.08	20.93	198.06	8.15	57041.50	508.77	3.082343e+05	2.279645e+01	6.385829e+00	432.43	53.182276	4542	2.836e-02
300kHz_150dA_100Mss_bobN1C20292.txt	219.92	21.27	199.57	8.19	57041.50	505.92	3.082343e+05	2.265353e+01	6.387533e+00	436.83	54.071762	4542	2.839e-02
300kHz_150dA_100Mss_bobN1C20293.txt	220.56	21.58	195.35	8.08	57041.50	502.91	3.083021e+05	2.263199e+01	6.383464e+00	419.55	51.948340	4541	2.821e-02
300kHz_150dA_100Mss_bobN1C20294.txt	221.08	21.83	201.09	8.23	57041.50	503.93	3.083021e+05	2.248434e+01	6.386498e+00	429.37	53.531551	4541	2.840e-02
300kHz_150dA_100Mss_bobN1C20295.txt	221.63	22.05	197.94	8.16	57041.50	503.94	3.083021e+05	2.255551e+01	6.385317e+00	425.83	52.915232	4541	2.819e-02
300kHz_150dA_100Mss_bobN1C20296.txt	222.12	22.25	196.09	8.12	57041.50	503.70	3.083021e+05	2.256830e+01	6.384356e+00	422.07	52.413996	4541	2.815e-02
300kHz_150dA_100Mss_bobN1C20297.txt	222.76	22.50	195.44	8.01	57041.50	508.49	3.083021e+05	2.275165e+01	6.384629e+00	426.64	52.555741	4541	2.840e-02
300kHz_150dA_100Mss_bobN1C20298.txt	223.39	22.72	197.62	8.09	57041.50	511.58	3.083021e+05	2.284968e+01	6.383386e+00	423.25	51.907834	4541	2.834e-02
300kHz_150dA_100Mss_bobN1C20299.txt	223.96	22.89	196.38	8.03	57041.50	515.54	3.083021e+05	2.306184e+01	6.384402e+00	431.50	52.437924	4541	2.835e-02
300kHz_150dA_100Mss_bobN1C20300.txt	224.62	23.09	196.34	8.05	57041.50	511.45	3.083021e+05	2.287054e+01	6.384259e+00	427.32	52.363124	4541	2.834e-02
300kHz_150dA_100Mss_bobN1C20301.txt	225.14	23.23	193.48	7.97	57041.50	511.50	3.083021e+05	2.286087e+01	6.382928e+00	421.53	51.669359	4541	2.823e-02
300kHz_150dA_100Mss_bobN1C20302.txt	225.66	23.33	193.53	7.93	57041.50	509.17	3.083021e+05	2.273498e+01	6.382290e+00	416.54	51.336517	4541	2.837e-02
300kHz_150dA_100Mss_bobN1C20303.txt	226.18	23.44	194.81	8.02	57041.50	508.42	3.083021e+05	2.271169e+01	6.381107e+00	411.16	50.719778	4541	2.831e-02
300kHz_150dA_100Mss_bobN1C20304.txt	227.24	23.70	192.99	7.78	57041.50	528.32	3.083021e+05	2.340940e+01	6.379498e+00	416.85	49.881022	4541	2.881e-02
300kHz_150dA_100Mss_bobN1C20305.txt	227.75	23.90	193.38	7.93	57041.50	513.27	3.083021e+05	2.294329e+01	6.380822e+00	414.15	50.571123	4541	2.832e-02
300kHz_150dA_100Mss_bobN1C20306.txt	228.35	24.07	191.88	7.91	57041.50	512.13	3.083021e+05	2.281926e+01	6.381497e+00	414.75	50.923576	4541	2.819e-02
300kHz_150dA_100Mss_bobN1C20307.txt	228.92	24.18	191.84	7.99	57041.50	505.74	3.083021e+05	2.262046e+01	6.380687e+00	407.75	50.500620	4541	2.796e-02
300kHz_150dA_100Mss_bobN1C20308.txt	229.48	24.44	190.16	7.85	57041.50	508.36	3.083021e+05	2.274070e+01	6.379114e+00	403.33	49.680857	4541	2.821e-02
300kHz_150dA_100Mss_bobN1C20309.txt	229.97	24.68	190.67	7.87	57041.50	505.24	3.083021e+05	2.259397e+01	6.380063e+00	404.68	50.175074	4541	2.821e-02
300kHz_150dA_100Mss_bobN1C20310.txt	230.47	24.89	193.92	7.97	57041.50	504.87	3.083021e+05	2.254405e+01	6.381907e+00	411.44	51.136205	4541	2.829e-02
300kHz_150dA_100Mss_bobN1C20311.txt	230.97	25.09	189.75	7.72	57041.50	525.18	3.082343e+05	2.333815e+01	6.377116e+00	405.24	48.639321	4542	2.867e-02
300kHz_150dA_100Mss_bobN1C20312.txt	231.48	25.24	193.12	7.92	57041.50	518.89	3.083021e+05	2.306410e+01	6.378604e+00	406.90	49.414906	4541	2.845e-02
300kHz_150dA_100Mss_bobN1C20313.txt	231.98	25.39	190.49	7.86	57041.50	514.81	3.083021e+05	2.296237e+01	6.379134e+00	407.35	49.691388	4541	2.814e-02
300kHz_150dA_100Mss_bobN1C20314.txt	232.5	25.50	189.03	7.83	57041.50	511.55	3.082343e+05	2.286233e+01	6.379255e+00	405.99	49.754053	4542	2.815e-02
300kHz_150dA_100Mss_bobN1C20315.txt	233.02	25.60	189.42	7.75	57041.50	517.76	3.082343e+05	2.306179e+01	6.375955e+00	395.51	48.034842	4542	2.854e-02
300kHz_150dA_100Mss_bobN1C20316.txt	233.54	25.65	188.56	7.75	57041.50	511.57	3.083021e+05	2.280741e+01	6.376338e+00	392.84	48.234777	4541	2.840e-02
300kHz_150dA_100Mss_bobN1C20317.txt	234.05	25.72	191.19	7.83	57041.50	510.04	3.083021e+05	2.272558e+01	6.380280e+00	407.95	50.288512	4541	2.837e-02
300kHz_150dA_100Mss_bobN1C20318.txt	234.57	25.87	188.31	7.78	57041.50	510.81	3.083021e+05	2.278592e+01	6.377702e+00	398.20	48.945093	4541	2.816e-02
300kHz_150dA_100Mss_bobN1C20319.txt	235.08	26.02	188.93	7.79	57041.50	508.55	3.083021e+05	2.265931e+01	6.377777e+00	396.30	48.984193	4541	2.817e-02
300kHz_150dA_100Mss_bobN1C20320.txt	235.58	26.17	189.23	7.78	57041.50	510.10	3.083021e+05	2.270994e+01	6.378972e+00	402.19	49.607245	4541	2.822e-02
300kHz_150dA_100Mss_bobN1C20321.txt	236.09	26.32	188.81	7.80	57041.50	511.43	3.083021e+05	2.282908e+01	6.376896e+00	395.56	48.525592	4541	2.822e-02
300kHz_150dA_100Mss_bobN1C20322.txt	236.61	26.42	185.28	7.70	57041.50	509.58	3.083021e+05	2.272904e+01	6.376106e+00	390.52	48.113952	4541	2.791e-02
300kHz_150dA_100Mss_bobN1C20323.txt	237.68	26.57	190.20	7.77	57041.50	518.36	3.083021e+05	2.303696e+01	6.378000e+00	403.85	49.099939	4541	2.837e-02
300kHz_150dA_100Mss_bobN1C20324.txt	238.19	26.68	188.25	7.76	57041.50	511.12	3.083021e+05	2.281031e+01	6.377059e+00	395.92	48.610187	4541	2.828e-02
300kHz_150dA_100Mss_bobN1C20325.txt	238.71	26.88	187.01	7.75	57041.50	514.66	3.083021e+05	2.294771e+01	6.377001e+00	398.06	48.580478	4541	2.803e-02
300kHz_150dA_100Mss_bobN1C20326.txt	239.25	27.05	188.73	7.80	57041.50	510.45	3.083021e+05	2.274108e+01	6.377478e+00	396.48	48.828976	4541	2.815e-02
300kHz_150dA_100Mss_bobN1C20327.txt	239.75	27.15	187.36	7.76	57041.50	512.44	3.083021e+05	2.286090e+01	6.376130e+00	392.89	48.126540	4541	2.811e-02
300kHz_150dA_100Mss_bobN1C20328.txt	240.35	27.27	186.76	7.78	57041.50	511.00	3.083021e+05	2.283228e+01	6.377197e+00	396.89	48.682615	4541	2.791e-02
300kHz_150dA_100Mss_bobN1C20329.txt	240.84	27.37	184.48	7.66	57041.50	510.63	3.083021e+05	2.277675e+01	6.375171e+00	387.41	47.627444	4541	2.805e-02
300kHz_150dA_100Mss_bobN1C20330.txt	241.35	27.50	186.11	7.61	57041.50	515.60	3.083021e+05	2.293651e+01	6.372607e+00	379.28	46.291820	4541	2.844e-02
300kHz_150dA_100Mss_bobN1C20331.txt	241.88	27.66	185.96	7.71	57041.50	509.08	3.083021e+05	2.276344e+01	6.375451e+00	388.36	47.772760	4541	2.816e-02
300kHz_150dA_100Mss_bobN1C20332.txt	242.38	27.85	188.31	7.78	57041.50	510.13	3.083021e+05	2.270507e+01	6.376810e+00	393.06	48.481174	4541	2.815e-02
300kHz_150dA_100Mss_bobN1C20333.txt	242.93	28.07	186.98	7.74	57041.50	513.42	3.083021e+05	2.287170e+01	6.376819e+00	395.98	48.485798	4541	2.804e-02
300kHz_150dA_100Mss_bobN1C20334.txt	243.45	28.19	183.82	7.70	57041.50	503.07	3.083021e+05	2.249278e+01	6.375495e+00	383.93	47.795913	4541	2.775e-02
300kHz_150dA_100Mss_bobN1C20335.txt	243.96	28.29	185.65	7.66	57041.50	511.28	3.083021e+05	2.278479e+01	6.373734e+00	381.51	46.878987	4541	2.827e-02
300kHz_150dA_100Mss_bobN1C20336.txt	244.49	28.40	184.37	7.68	57041.50	504.30	3.083021e+05	2.253633e+01	6.374877e+00	382.10	47.474196	4541	2.791e-02
300kHz_150dA_100Mss_bobN1C20337.txt	244.99	28.50	183.52	7.61	57041.50	510.40	3.083021e+05	2.275516e+01	6.373431e+00	379.74	46.721377	4541	2.808e-02
300kHz_150dA_100Mss_bobN1C20338.txt	245.49	28.60	183.02	7.55	57041.50	511.19	3.083021e+05	2.267677e+01	6.372478e+00	374.45	46.225024	4541	2.787e-02
300kHz_150dA_100Mss_bobN1C20339.txt	245.99	28.70	185.91	7.66	57041.50	509.46	3.082343e+05	2.266673e+01	6.374498e+00	382.64	47.276962	4542	2.825e-02
300kHz_150dA_100Mss_bobN1C20340.txt	246.49	28.80	183.91	7.67	57041.50	504.70	3.083021e+05	2.252707e+01	6.375181e+00	383.21	47.632394	4541	2.788e-02
300kHz_150dA_100Mss_bobN1C20341.txt	247.0	28.90	183.48	7.63	57041.50	509.98	3.083021e+05	2.278217e+01	6.374481e+00	384.61	47.267993	4541	2.794e-02
300kHz_150dA_100Mss_bobN1C20342.txt	248.7	29.27	183.08	7.49	57041.50	514.42	3.083021e+05	2.284609e+01	6.371932e+00	374.94	45.940360	4541	2.835e-02
300kHz_150dA_100Mss_bobN1C20343.txt	249.42	29.38	182.40	7.58	57041.50	512.86	3.083021e+05	2.287361e+01	6.372972e+00	379.79	46.482448	4541	2.798e-02
300kHz_150dA_100Mss_bobN1C20344.txt	249.96	29.49	181.02	7.59	57041.50	507.80	3.083021e+05	2.267886e+01	6.372986e+00	376.61	46.489588	4541	2.776e-02
300kHz_150dA_100Mss_bobN1C20345.txt	250.5	29.65	180.45	7.48	57041.50	514.67	3.083021e+05	2.293043e+01	6.371094e+00	372.79	45.505027	4541	2.778e-02
300kHz_150dA_100Mss_bobN1C20346.txt	251.01	29.80	180.97	7.58	57041.50	505.85	3.083021e+05	2.253208e+01	6.372219e+00	370.99	46.090420	4541	2.780e-02
300kHz_150dA_100Mss_bobN1C20347.txt	251.56	29.86	180.29	7.40	57041.50	517.49	3.083021e+05	2.291163e+01	6.369623e+00	366.26	44.739451	4541	2.796e-02
300kHz_150dA_100Mss_bobN1C20348.txt	252.13	29.96	181.60	7.53	57041.50	509.45	3.083021e+05	2.269563e+01	6.371161e+00	369.25	45.539736	4541	2.807e-02
300kHz_150dA_100Mss_bobN1C20349.txt	252.66	30.23	180.21	7.46	57041.50	509.60	3.083021e+05	2.268907e+01	6.369638e+00	362.77	44.747165	4541	2.781e-02
300kHz_150dA_100Mss_bobN1C20350.txt	253.18	30.45	180.40	7.50	57041.50	510.66	3.083021e+05	2.274711e+01	6.371765e+00	372.62	45.853883	4541	2.792e-02
300kHz_150dA_100Mss_bobN1C20351.txt	253.73	30.62	179.96	7.49	57041.50	519.16	3.083021e+05	2.310529e+01	6.371837e+00	378.79	45.891118	4541	2.761e-02
300kHz_150dA_100Mss_bobN1C20352.txt	254.23	30.77	180.26	7.44	57041.50	526.17	3.083021e+05	2.333993e+01	6.369350e+00	371.93	44.597094	4541	2.780e-02
300kHz_150dA_100Mss_bobN1C20353.txt	254.78	30.93	178.54	7.37	57041.50	515.38	3.083021e+05	2.287443e+01	6.368994e+00	363.01	44.411944	4541	2.786e-02
