# Configuracion:
# Concentracion g/m^3_=_9950.0
# C_Vs_to_Am_M_A/Vsm_=_116720831517.84952
# pendiente_HvsI_1/m_=_3716.3
# ordenada_HvsI_A/m_=_1297.0
# frecuencia_ref_Hz_=_308259.4939373663
# 
Resultados:
# tau_s_=_(7.52+/-1.96)e+01
# dphi_rad_=_6.43+/-0.04
# SAR_W/g_=_590.26+/-86.00
# Hc_kA/m_=_10.36+/-1.86
# Mr_A/m_=_206.95+/-32.74
# Suceptibilidad_a_M=0_=_0.0250+/-0.0064
Nombre_archivo	Time_m_(s)	Temperatura_(ºC)	Mr_(A/m)	Hc_(kA/m)	Campo_max_(A/m)	Mag_max_(A/m)	f0	mag0	dphi0	SAR_(W/g)	Tau_(ns)	N	xi_M_0
300kHz_150dA_100Mss_bobN1C20010.txt	88.42	-187.33	170.19	15.20	57041.50	485.98	3.083021e+05	1.985467e+01	6.509399e+00	824.60	118.824425	4541	1.302e-02
300kHz_150dA_100Mss_bobN1C20011.txt	88.93	-182.03	170.60	15.63	57041.50	460.32	3.083021e+05	1.900529e+01	6.521787e+00	831.75	125.579550	4541	1.260e-02
300kHz_150dA_100Mss_bobN1C20012.txt	89.44	-176.11	170.08	15.59	57041.50	446.75	3.083021e+05	1.847948e+01	6.519045e+00	799.62	124.079422	4541	1.275e-02
300kHz_150dA_100Mss_bobN1C20013.txt	89.94	-170.21	168.02	15.94	57041.50	423.12	3.083021e+05	1.762938e+01	6.526255e+00	785.70	128.023442	4541	1.252e-02
300kHz_150dA_100Mss_bobN1C20014.txt	90.45	-164.55	166.54	16.02	57041.50	417.25	3.083021e+05	1.747456e+01	6.527252e+00	781.93	128.570060	4541	1.240e-02
300kHz_150dA_100Mss_bobN1C20015.txt	90.97	-158.83	164.45	16.12	57041.50	405.80	3.083021e+05	1.705546e+01	6.532479e+00	779.19	131.441963	4541	1.205e-02
300kHz_150dA_100Mss_bobN1C20016.txt	91.47	-153.42	165.27	15.83	57041.50	405.84	3.083021e+05	1.699702e+01	6.527968e+00	762.75	128.964161	4541	1.237e-02
300kHz_150dA_100Mss_bobN1C20017.txt	91.97	-148.02	165.11	15.98	57041.50	391.13	3.083021e+05	1.645710e+01	6.536924e+00	764.97	133.888497	4541	1.216e-02
300kHz_150dA_100Mss_bobN1C20018.txt	92.47	-143.33	164.98	15.82	57041.50	390.32	3.083021e+05	1.639524e+01	6.534488e+00	754.93	132.546627	4541	1.227e-02
300kHz_150dA_100Mss_bobN1C20019.txt	93.5	-135.00	161.12	15.51	57041.50	380.69	3.083021e+05	1.614849e+01	6.535289e+00	745.89	132.986383	4541	1.198e-02
300kHz_150dA_100Mss_bobN1C20020.txt	94.01	-131.55	158.31	15.56	57041.50	375.23	3.083021e+05	1.598840e+01	6.535592e+00	739.37	133.154110	4541	1.176e-02
300kHz_150dA_100Mss_bobN1C20021.txt	94.51	-128.85	159.09	15.34	57041.50	384.18	3.083021e+05	1.625653e+01	6.526397e+00	724.93	128.103729	4541	1.211e-02
300kHz_150dA_100Mss_bobN1C20022.txt	95.02	-126.09	158.25	15.20	57041.50	382.74	3.083021e+05	1.627134e+01	6.526738e+00	726.59	128.289932	4541	1.209e-02
300kHz_150dA_100Mss_bobN1C20023.txt	95.53	-123.34	156.78	15.21	57041.50	378.31	3.083021e+05	1.604460e+01	6.522900e+00	705.39	126.187811	4541	1.209e-02
300kHz_150dA_100Mss_bobN1C20024.txt	96.03	-120.64	158.54	14.81	57041.50	381.37	3.083021e+05	1.615779e+01	6.520612e+00	703.72	124.936983	4541	1.239e-02
300kHz_150dA_100Mss_bobN1C20025.txt	96.53	-118.04	152.85	14.63	57041.50	381.80	3.083021e+05	1.632373e+01	6.516157e+00	697.85	122.504873	4541	1.193e-02
300kHz_150dA_100Mss_bobN1C20026.txt	97.02	-115.55	155.06	14.74	57041.50	375.27	3.083021e+05	1.599279e+01	6.519818e+00	694.25	124.503125	4541	1.208e-02
300kHz_150dA_100Mss_bobN1C20027.txt	97.53	-114.22	154.00	14.77	57041.50	377.71	3.083021e+05	1.604625e+01	6.517654e+00	690.31	123.322273	4541	1.212e-02
300kHz_150dA_100Mss_bobN1C20028.txt	98.05	-112.75	158.37	14.48	57041.50	389.23	3.083021e+05	1.645732e+01	6.512314e+00	692.16	120.411141	4541	1.270e-02
300kHz_150dA_100Mss_bobN1C20029.txt	98.65	-109.75	150.47	14.36	57041.50	383.19	3.083021e+05	1.632328e+01	6.505677e+00	666.97	116.803688	4541	1.216e-02
300kHz_150dA_100Mss_bobN1C20030.txt	99.14	-107.36	151.18	14.22	57041.50	375.23	3.083021e+05	1.607328e+01	6.509621e+00	668.20	118.945435	4541	1.231e-02
300kHz_150dA_100Mss_bobN1C20031.txt	99.64	-105.06	152.77	14.18	57041.50	383.96	3.083021e+05	1.631650e+01	6.505767e+00	666.96	116.852479	4541	1.256e-02
300kHz_150dA_100Mss_bobN1C20032.txt	100.15	-102.77	151.44	14.05	57041.50	384.38	3.083021e+05	1.642505e+01	6.503884e+00	665.81	115.831175	4541	1.249e-02
300kHz_150dA_100Mss_bobN1C20033.txt	100.66	-100.63	151.98	13.83	57041.50	383.06	3.083021e+05	1.635650e+01	6.502851e+00	659.98	115.271154	4541	1.263e-02
300kHz_150dA_100Mss_bobN1C20034.txt	101.17	-98.50	151.35	13.94	57041.50	378.87	3.083021e+05	1.615819e+01	6.504202e+00	655.92	116.005062	4541	1.252e-02
300kHz_150dA_100Mss_bobN1C20035.txt	101.67	-96.45	146.63	13.57	57041.50	385.51	3.083021e+05	1.655806e+01	6.493694e+00	640.68	110.319023	4541	1.237e-02
300kHz_150dA_100Mss_bobN1C20036.txt	102.18	-94.43	150.98	13.38	57041.50	393.71	3.083021e+05	1.682705e+01	6.490761e+00	642.15	108.734875	4541	1.291e-02
300kHz_150dA_100Mss_bobN1C20037.txt	102.68	-92.58	151.30	13.30	57041.50	391.57	3.083021e+05	1.679683e+01	6.491794e+00	644.14	109.292098	4541	1.302e-02
300kHz_150dA_100Mss_bobN1C20038.txt	103.69	-87.95	151.44	13.02	57041.50	393.81	3.083021e+05	1.686582e+01	6.488829e+00	637.72	107.694475	4541	1.323e-02
300kHz_150dA_100Mss_bobN1C20039.txt	104.2	-85.80	154.49	13.02	57041.50	397.86	3.083021e+05	1.701701e+01	6.485858e+00	634.27	106.094762	4541	1.364e-02
300kHz_150dA_100Mss_bobN1C20040.txt	104.71	-84.27	154.55	13.10	57041.50	404.83	3.082343e+05	1.732569e+01	6.481701e+00	632.57	103.860367	4542	1.363e-02
300kHz_150dA_100Mss_bobN1C20041.txt	105.23	-82.71	151.07	12.89	57041.50	401.20	3.083021e+05	1.734667e+01	6.481202e+00	631.90	103.592292	4541	1.339e-02
300kHz_150dA_100Mss_bobN1C20042.txt	105.76	-81.12	156.28	13.00	57041.50	402.97	3.083021e+05	1.733550e+01	6.484502e+00	641.88	105.366442	4541	1.391e-02
300kHz_150dA_100Mss_bobN1C20043.txt	106.29	-79.24	156.52	12.75	57041.50	408.35	3.083021e+05	1.757722e+01	6.479924e+00	636.22	102.905623	4541	1.409e-02
300kHz_150dA_100Mss_bobN1C20044.txt	106.8	-77.20	158.19	12.94	57041.50	408.62	3.083021e+05	1.756870e+01	6.480501e+00	637.76	103.215865	4541	1.419e-02
300kHz_150dA_100Mss_bobN1C20045.txt	107.32	-75.60	157.43	12.63	57041.50	412.06	3.083021e+05	1.780104e+01	6.479518e+00	643.01	102.688570	4541	1.415e-02
300kHz_150dA_100Mss_bobN1C20046.txt	107.83	-74.33	160.23	12.51	57041.50	420.88	3.083021e+05	1.810827e+01	6.473421e+00	634.05	99.419429	4541	1.471e-02
300kHz_150dA_100Mss_bobN1C20047.txt	108.35	-73.10	163.05	12.75	57041.50	420.47	3.083021e+05	1.802657e+01	6.476137e+00	640.09	100.875622	4541	1.479e-02
300kHz_150dA_100Mss_bobN1C20048.txt	108.85	-71.95	162.91	12.35	57041.50	429.51	3.083021e+05	1.842662e+01	6.470895e+00	636.73	98.068025	4541	1.510e-02
300kHz_150dA_100Mss_bobN1C20049.txt	109.36	-70.77	160.63	12.43	57041.50	426.40	3.083021e+05	1.839631e+01	6.470322e+00	633.76	97.761832	4541	1.481e-02
300kHz_150dA_100Mss_bobN1C20050.txt	109.86	-69.62	163.64	12.25	57041.50	439.15	3.083021e+05	1.881747e+01	6.463872e+00	626.18	94.316178	4541	1.540e-02
300kHz_150dA_100Mss_bobN1C20051.txt	110.38	-68.88	163.11	12.36	57041.50	428.71	3.083021e+05	1.846868e+01	6.469367e+00	633.05	97.251648	4541	1.517e-02
300kHz_150dA_100Mss_bobN1C20052.txt	110.87	-68.34	162.48	11.93	57041.50	439.67	3.083021e+05	1.892257e+01	6.463513e+00	628.44	94.124910	4541	1.558e-02
300kHz_150dA_100Mss_bobN1C20053.txt	111.38	-67.40	164.24	12.10	57041.50	441.91	3.083021e+05	1.902082e+01	6.464613e+00	635.51	94.711993	4541	1.559e-02
300kHz_150dA_100Mss_bobN1C20054.txt	111.9	-66.31	163.68	12.03	57041.50	439.74	3.083021e+05	1.899759e+01	6.466134e+00	640.00	95.524397	4541	1.558e-02
300kHz_150dA_100Mss_bobN1C20055.txt	112.41	-65.32	165.54	12.11	57041.50	438.04	3.083021e+05	1.894965e+01	6.467078e+00	641.64	96.029151	4541	1.571e-02
300kHz_150dA_100Mss_bobN1C20056.txt	112.92	-64.35	164.11	11.99	57041.50	443.60	3.083021e+05	1.920687e+01	6.461248e+00	629.95	92.917703	4541	1.579e-02
300kHz_150dA_100Mss_bobN1C20057.txt	113.94	-62.32	167.00	11.94	57041.50	446.49	3.083021e+05	1.927340e+01	6.463642e+00	640.54	94.195024	4541	1.599e-02
300kHz_150dA_100Mss_bobN1C20058.txt	114.52	-61.32	166.61	11.66	57041.50	456.44	3.083021e+05	1.966653e+01	6.455933e+00	625.97	90.087069	4541	1.632e-02
300kHz_150dA_100Mss_bobN1C20059.txt	115.07	-60.37	166.78	11.71	57041.50	457.56	3.083021e+05	1.982308e+01	6.455665e+00	629.98	89.944400	4541	1.634e-02
300kHz_150dA_100Mss_bobN1C20060.txt	115.58	-59.46	167.85	11.72	57041.50	459.00	3.083021e+05	1.985235e+01	6.456783e+00	634.96	90.540125	4541	1.645e-02
300kHz_150dA_100Mss_bobN1C20061.txt	116.08	-58.64	168.61	11.70	57041.50	458.22	3.083021e+05	1.978528e+01	6.456638e+00	632.29	90.462659	4541	1.656e-02
300kHz_150dA_100Mss_bobN1C20062.txt	116.59	-58.23	167.61	11.55	57041.50	460.31	3.083021e+05	1.986085e+01	6.452778e+00	620.72	88.410340	4541	1.654e-02
300kHz_150dA_100Mss_bobN1C20063.txt	117.11	-57.72	168.90	11.65	57041.50	460.21	3.083021e+05	1.989005e+01	6.454863e+00	629.20	89.518618	4541	1.669e-02
300kHz_150dA_100Mss_bobN1C20064.txt	117.61	-56.92	169.23	11.51	57041.50	466.81	3.083021e+05	2.012654e+01	6.454911e+00	636.86	89.544223	4541	1.673e-02
300kHz_150dA_100Mss_bobN1C20065.txt	118.11	-56.11	170.47	11.50	57041.50	469.35	3.083021e+05	2.029005e+01	6.451062e+00	627.78	87.497783	4541	1.696e-02
300kHz_150dA_100Mss_bobN1C20066.txt	118.63	-55.23	167.48	11.35	57041.50	468.67	3.083021e+05	2.027905e+01	6.448504e+00	617.97	86.139968	4541	1.687e-02
300kHz_150dA_100Mss_bobN1C20067.txt	119.35	-54.11	172.60	11.18	57041.50	488.09	3.083021e+05	2.093428e+01	6.447509e+00	634.13	85.612152	4541	1.758e-02
300kHz_150dA_100Mss_bobN1C20068.txt	119.86	-53.40	172.72	11.05	57041.50	497.52	3.083021e+05	2.137786e+01	6.440961e+00	621.98	82.140878	4541	1.804e-02
300kHz_150dA_100Mss_bobN1C20069.txt	120.39	-52.65	168.73	11.10	57041.50	484.54	3.082343e+05	2.097287e+01	6.444531e+00	623.75	84.031992	4542	1.749e-02
300kHz_150dA_100Mss_bobN1C20070.txt	120.91	-51.93	169.95	11.28	57041.50	477.10	3.083021e+05	2.062909e+01	6.448110e+00	627.15	85.931468	4541	1.723e-02
300kHz_150dA_100Mss_bobN1C20071.txt	121.41	-51.23	172.19	11.20	57041.50	479.24	3.083021e+05	2.073486e+01	6.447256e+00	627.13	85.478150	4541	1.764e-02
300kHz_150dA_100Mss_bobN1C20072.txt	121.92	-50.51	174.80	11.23	57041.50	487.33	3.083021e+05	2.095889e+01	6.444975e+00	625.17	84.268592	4541	1.796e-02
300kHz_150dA_100Mss_bobN1C20073.txt	122.44	-49.78	171.85	11.05	57041.50	483.01	3.083021e+05	2.086910e+01	6.443277e+00	616.01	83.368299	4541	1.790e-02
300kHz_150dA_100Mss_bobN1C20074.txt	122.96	-49.06	172.26	10.89	57041.50	489.92	3.082343e+05	2.110402e+01	6.441308e+00	615.21	82.325318	4542	1.807e-02
300kHz_150dA_100Mss_bobN1C20075.txt	123.46	-48.49	172.88	11.16	57041.50	483.11	3.083021e+05	2.085560e+01	6.443222e+00	615.41	83.339775	4541	1.787e-02
300kHz_150dA_100Mss_bobN1C20076.txt	124.49	-47.21	170.60	10.86	57041.50	490.52	3.083021e+05	2.123420e+01	6.438575e+00	608.53	80.879365	4541	1.815e-02
300kHz_150dA_100Mss_bobN1C20077.txt	125.02	-46.48	172.27	10.71	57041.50	492.00	3.083021e+05	2.121633e+01	6.437052e+00	602.11	80.073412	4541	1.846e-02
300kHz_150dA_100Mss_bobN1C20078.txt	125.53	-45.92	174.23	10.84	57041.50	493.24	3.083021e+05	2.128904e+01	6.440091e+00	616.01	81.681880	4541	1.843e-02
300kHz_150dA_100Mss_bobN1C20079.txt	126.03	-45.37	170.88	10.66	57041.50	496.08	3.083021e+05	2.149282e+01	6.435102e+00	602.29	79.043073	4541	1.839e-02
300kHz_150dA_100Mss_bobN1C20080.txt	126.54	-44.81	171.70	10.70	57041.50	490.57	3.083021e+05	2.126644e+01	6.437136e+00	603.86	80.118139	4541	1.856e-02
300kHz_150dA_100Mss_bobN1C20081.txt	127.07	-44.21	176.54	10.75	57041.50	498.34	3.083021e+05	2.153174e+01	6.438072e+00	615.08	80.613594	4541	1.906e-02
300kHz_150dA_100Mss_bobN1C20082.txt	127.58	-43.55	174.43	10.67	57041.50	494.30	3.083021e+05	2.140827e+01	6.434330e+00	596.89	78.635312	4541	1.886e-02
300kHz_150dA_100Mss_bobN1C20083.txt	128.07	-42.90	177.46	10.69	57041.50	501.67	3.083021e+05	2.164472e+01	6.436130e+00	610.61	79.586499	4541	1.914e-02
300kHz_150dA_100Mss_bobN1C20084.txt	128.56	-42.16	180.08	10.89	57041.50	498.89	3.083021e+05	2.159359e+01	6.440558e+00	626.67	81.929370	4541	1.925e-02
300kHz_150dA_100Mss_bobN1C20085.txt	129.06	-41.44	177.01	10.61	57041.50	505.55	3.083021e+05	2.189434e+01	6.434201e+00	609.93	78.567640	4541	1.925e-02
300kHz_150dA_100Mss_bobN1C20086.txt	129.57	-40.93	178.07	10.49	57041.50	507.02	3.083021e+05	2.191718e+01	6.435030e+00	613.89	79.005329	4541	1.953e-02
300kHz_150dA_100Mss_bobN1C20087.txt	130.08	-40.42	177.85	10.56	57041.50	504.64	3.083021e+05	2.189152e+01	6.435153e+00	613.66	79.070487	4541	1.945e-02
300kHz_150dA_100Mss_bobN1C20088.txt	130.59	-39.91	178.70	10.73	57041.50	497.50	3.083021e+05	2.160662e+01	6.437341e+00	614.33	80.227080	4541	1.929e-02
300kHz_150dA_100Mss_bobN1C20089.txt	131.09	-39.41	178.11	10.46	57041.50	502.95	3.083021e+05	2.180061e+01	6.431291e+00	595.70	77.030939	4541	1.968e-02
300kHz_150dA_100Mss_bobN1C20090.txt	131.59	-38.91	179.11	10.39	57041.50	506.90	3.083021e+05	2.196600e+01	6.430877e+00	598.55	76.811952	4541	1.996e-02
300kHz_150dA_100Mss_bobN1C20091.txt	132.09	-38.42	177.04	10.40	57041.50	506.89	3.083021e+05	2.205627e+01	6.430311e+00	598.72	76.513636	4541	1.970e-02
300kHz_150dA_100Mss_bobN1C20092.txt	132.79	-37.79	181.97	10.54	57041.50	506.40	3.083021e+05	2.201636e+01	6.432764e+00	607.53	77.808424	4541	1.994e-02
300kHz_150dA_100Mss_bobN1C20093.txt	133.31	-37.32	181.03	10.55	57041.50	502.58	3.083021e+05	2.191353e+01	6.432786e+00	604.78	77.820074	4541	2.000e-02
300kHz_150dA_100Mss_bobN1C20094.txt	133.9	-36.79	182.28	10.37	57041.50	511.48	3.083021e+05	2.220415e+01	6.429151e+00	598.02	75.901928	4541	2.050e-02
300kHz_150dA_100Mss_bobN1C20095.txt	135.25	-35.50	186.35	10.39	57041.50	516.48	3.083021e+05	2.242442e+01	6.431784e+00	614.77	77.291499	4541	2.090e-02
300kHz_150dA_100Mss_bobN1C20096.txt	135.84	-35.03	184.03	10.41	57041.50	511.39	3.083021e+05	2.239052e+01	6.430061e+00	606.77	76.382068	4541	2.071e-02
300kHz_150dA_100Mss_bobN1C20097.txt	136.45	-34.54	186.53	10.33	57041.50	514.23	3.083021e+05	2.239988e+01	6.429827e+00	606.07	76.258942	4541	2.103e-02
300kHz_150dA_100Mss_bobN1C20098.txt	136.96	-34.13	189.70	10.31	57041.50	521.33	3.083021e+05	2.265435e+01	6.428665e+00	608.13	75.646209	4541	2.145e-02
300kHz_150dA_100Mss_bobN1C20099.txt	137.47	-33.72	186.97	10.10	57041.50	525.35	3.082343e+05	2.279926e+01	6.425938e+00	600.49	74.208634	4542	2.160e-02
300kHz_150dA_100Mss_bobN1C20100.txt	137.98	-33.32	190.16	10.35	57041.50	519.46	3.082343e+05	2.266686e+01	6.429117e+00	610.21	75.884540	4542	2.158e-02
300kHz_150dA_100Mss_bobN1C20101.txt	138.48	-32.68	192.40	10.22	57041.50	523.27	3.083021e+05	2.277497e+01	6.427793e+00	607.73	75.185814	4541	2.201e-02
300kHz_150dA_100Mss_bobN1C20102.txt	139.0	-32.00	191.25	10.22	57041.50	520.15	3.083021e+05	2.265535e+01	6.428095e+00	605.79	75.345649	4541	2.195e-02
300kHz_150dA_100Mss_bobN1C20103.txt	139.52	-31.64	195.28	10.26	57041.50	526.15	3.083021e+05	2.292948e+01	6.430185e+00	621.90	76.447956	4541	2.231e-02
300kHz_150dA_100Mss_bobN1C20104.txt	140.04	-31.27	196.03	10.10	57041.50	537.80	3.083021e+05	2.338360e+01	6.423054e+00	603.66	72.688841	4541	2.288e-02
300kHz_150dA_100Mss_bobN1C20105.txt	140.54	-30.87	198.72	10.10	57041.50	537.06	3.083021e+05	2.333387e+01	6.425034e+00	610.84	73.731205	4541	2.309e-02
300kHz_150dA_100Mss_bobN1C20106.txt	141.11	-30.42	197.75	10.04	57041.50	534.78	3.083021e+05	2.325496e+01	6.422348e+00	597.33	72.317089	4541	2.326e-02
300kHz_150dA_100Mss_bobN1C20107.txt	141.62	-30.07	199.92	10.16	57041.50	531.07	3.083021e+05	2.310777e+01	6.428968e+00	621.58	75.805513	4541	2.322e-02
300kHz_150dA_100Mss_bobN1C20108.txt	142.13	-29.80	198.96	10.08	57041.50	528.84	3.083021e+05	2.310305e+01	6.423972e+00	600.30	73.172302	4541	2.342e-02
300kHz_150dA_100Mss_bobN1C20109.txt	142.64	-29.80	200.34	10.11	57041.50	537.86	3.083021e+05	2.344760e+01	6.426538e+00	620.28	74.524825	4541	2.349e-02
300kHz_150dA_100Mss_bobN1C20110.txt	143.16	-29.58	202.29	10.08	57041.50	534.49	3.083021e+05	2.340968e+01	6.423651e+00	606.89	73.002961	4541	2.393e-02
300kHz_150dA_100Mss_bobN1C20111.txt	143.66	-28.88	207.88	10.27	57041.50	533.67	3.083021e+05	2.333241e+01	6.428364e+00	625.04	75.487041	4541	2.408e-02
300kHz_150dA_100Mss_bobN1C20112.txt	144.18	-28.40	205.25	10.16	57041.50	530.36	3.082343e+05	2.324214e+01	6.428992e+00	625.16	75.819045	4542	2.411e-02
300kHz_150dA_100Mss_bobN1C20113.txt	144.7	-28.40	207.42	10.14	57041.50	535.65	3.082343e+05	2.346814e+01	6.425875e+00	617.84	74.175345	4542	2.458e-02
300kHz_150dA_100Mss_bobN1C20114.txt	145.74	-27.81	211.48	10.20	57041.50	533.58	3.083021e+05	2.340333e+01	6.426323e+00	618.19	74.412106	4541	2.486e-02
300kHz_150dA_100Mss_bobN1C20115.txt	146.23	-27.46	213.22	10.25	57041.50	539.29	3.083021e+05	2.365747e+01	6.427157e+00	628.52	74.851960	4541	2.508e-02
300kHz_150dA_100Mss_bobN1C20116.txt	146.75	-27.15	215.56	10.21	57041.50	541.62	3.083021e+05	2.379120e+01	6.427244e+00	632.45	74.897019	4541	2.543e-02
300kHz_150dA_100Mss_bobN1C20117.txt	147.24	-26.81	215.42	10.17	57041.50	544.24	3.083021e+05	2.387841e+01	6.426214e+00	630.26	74.354731	4541	2.563e-02
300kHz_150dA_100Mss_bobN1C20118.txt	147.74	-26.41	219.09	10.13	57041.50	550.24	3.083021e+05	2.408781e+01	6.425104e+00	630.89	73.768969	4541	2.629e-02
300kHz_150dA_100Mss_bobN1C20119.txt	148.24	-26.08	221.38	10.11	57041.50	555.09	3.083021e+05	2.428510e+01	6.423214e+00	627.64	72.773122	4541	2.670e-02
300kHz_150dA_100Mss_bobN1C20120.txt	148.74	-25.83	219.99	10.12	57041.50	550.76	3.083021e+05	2.417946e+01	6.423545e+00	626.38	72.947670	4541	2.655e-02
300kHz_150dA_100Mss_bobN1C20121.txt	149.25	-25.52	222.11	10.17	57041.50	554.86	3.083021e+05	2.429088e+01	6.426067e+00	640.50	74.276760	4541	2.667e-02
300kHz_150dA_100Mss_bobN1C20122.txt	149.76	-25.17	224.94	10.18	57041.50	546.27	3.083021e+05	2.403278e+01	6.423842e+00	623.89	73.103790	4541	2.717e-02
300kHz_150dA_100Mss_bobN1C20123.txt	150.28	-24.78	226.87	10.17	57041.50	550.88	3.083021e+05	2.415257e+01	6.426080e+00	636.90	74.283009	4541	2.734e-02
300kHz_150dA_100Mss_bobN1C20124.txt	150.77	-24.38	228.94	10.37	57041.50	547.68	3.083021e+05	2.415110e+01	6.429909e+00	653.81	76.303475	4541	2.716e-02
300kHz_150dA_100Mss_bobN1C20125.txt	151.27	-24.04	231.04	10.33	57041.50	550.56	3.083021e+05	2.424797e+01	6.426087e+00	639.45	74.287306	4541	2.772e-02
300kHz_150dA_100Mss_bobN1C20126.txt	151.78	-23.73	230.93	10.18	57041.50	556.47	3.083021e+05	2.458495e+01	6.422246e+00	631.03	72.264123	4541	2.829e-02
300kHz_150dA_100Mss_bobN1C20127.txt	152.4	-23.36	231.46	10.24	57041.50	555.25	3.083021e+05	2.451904e+01	6.423508e+00	635.01	72.929429	4541	2.812e-02
300kHz_150dA_100Mss_bobN1C20128.txt	152.92	-23.05	235.39	10.36	57041.50	555.66	3.082343e+05	2.447395e+01	6.428301e+00	655.20	75.454942	4542	2.853e-02
300kHz_150dA_100Mss_bobN1C20129.txt	153.42	-22.62	238.82	10.47	57041.50	556.76	3.083021e+05	2.456775e+01	6.427464e+00	654.09	75.013625	4541	2.891e-02
300kHz_150dA_100Mss_bobN1C20130.txt	153.94	-22.15	239.09	10.34	57041.50	565.50	3.083021e+05	2.495737e+01	6.424736e+00	651.98	73.575295	4541	2.899e-02
300kHz_150dA_100Mss_bobN1C20131.txt	154.45	-21.88	239.22	10.19	57041.50	569.37	3.083021e+05	2.502199e+01	6.420233e+00	633.01	71.204702	4541	2.954e-02
300kHz_150dA_100Mss_bobN1C20132.txt	154.96	-21.62	240.11	10.26	57041.50	567.64	3.083021e+05	2.497140e+01	6.424124e+00	649.54	73.253081	4541	2.951e-02
300kHz_150dA_100Mss_bobN1C20133.txt	155.97	-21.02	244.23	10.31	57041.50	576.53	3.083021e+05	2.537550e+01	6.425295e+00	665.50	73.870372	4541	2.994e-02
300kHz_150dA_100Mss_bobN1C20134.txt	156.47	-20.76	245.70	10.36	57041.50	576.75	3.083021e+05	2.539368e+01	6.425454e+00	666.72	73.954260	4541	3.006e-02
300kHz_150dA_100Mss_bobN1C20135.txt	156.97	-20.52	248.11	10.32	57041.50	577.97	3.083021e+05	2.543855e+01	6.421413e+00	649.05	71.825718	4541	3.068e-02
300kHz_150dA_100Mss_bobN1C20136.txt	157.48	-20.21	248.06	10.51	57041.50	566.84	3.083021e+05	2.507264e+01	6.427956e+00	669.79	75.273986	4541	3.034e-02
300kHz_150dA_100Mss_bobN1C20137.txt	157.98	-19.91	250.00	10.50	57041.50	563.78	3.083021e+05	2.498366e+01	6.427136e+00	663.66	74.840820	4541	3.071e-02
300kHz_150dA_100Mss_bobN1C20138.txt	158.48	-19.66	249.96	10.50	57041.50	560.87	3.083021e+05	2.488319e+01	6.426026e+00	655.93	74.255812	4541	3.083e-02
300kHz_150dA_100Mss_bobN1C20139.txt	159.0	-19.40	251.27	10.45	57041.50	563.32	3.083021e+05	2.489921e+01	6.426181e+00	657.05	74.337091	4541	3.079e-02
300kHz_150dA_100Mss_bobN1C20140.txt	159.53	-19.19	251.48	10.41	57041.50	568.27	3.083021e+05	2.519857e+01	6.423372e+00	651.98	72.856914	4541	3.090e-02
300kHz_150dA_100Mss_bobN1C20141.txt	160.08	-18.96	252.02	10.50	57041.50	569.58	3.083021e+05	2.523923e+01	6.425857e+00	664.53	74.166976	4541	3.113e-02
300kHz_150dA_100Mss_bobN1C20142.txt	160.75	-18.62	250.07	10.40	57041.50	571.07	3.082343e+05	2.528374e+01	6.426031e+00	666.36	74.258161	4542	3.093e-02
300kHz_150dA_100Mss_bobN1C20143.txt	161.4	-18.30	252.72	10.47	57041.50	564.09	3.083021e+05	2.506708e+01	6.426304e+00	662.05	74.401770	4541	3.134e-02
300kHz_150dA_100Mss_bobN1C20144.txt	161.97	-18.02	254.40	10.54	57041.50	564.76	3.083021e+05	2.506818e+01	6.428970e+00	674.33	75.808137	4541	3.133e-02
300kHz_150dA_100Mss_bobN1C20145.txt	162.49	-17.75	256.37	10.61	57041.50	565.12	3.083021e+05	2.507054e+01	6.428530e+00	672.37	75.576268	4541	3.142e-02
300kHz_150dA_100Mss_bobN1C20146.txt	163.0	-17.50	255.85	10.65	57041.50	565.65	3.083021e+05	2.519231e+01	6.428056e+00	673.45	75.326278	4541	3.130e-02
300kHz_150dA_100Mss_bobN1C20147.txt	163.54	-17.23	254.66	10.51	57041.50	571.77	3.082343e+05	2.533724e+01	6.426012e+00	667.68	74.249062	4542	3.115e-02
300kHz_150dA_100Mss_bobN1C20148.txt	164.06	-16.97	258.38	10.61	57041.50	566.23	3.083021e+05	2.511258e+01	6.426765e+00	665.37	74.645783	4541	3.171e-02
300kHz_150dA_100Mss_bobN1C20149.txt	164.57	-16.72	254.39	10.46	57041.50	567.43	3.083021e+05	2.516190e+01	6.424212e+00	654.90	73.300125	4541	3.128e-02
300kHz_150dA_100Mss_bobN1C20150.txt	165.07	-16.48	259.22	10.60	57041.50	568.50	3.083021e+05	2.523098e+01	6.426388e+00	666.77	74.446988	4541	3.186e-02
300kHz_150dA_100Mss_bobN1C20151.txt	165.59	-16.32	256.05	10.55	57041.50	568.68	3.083021e+05	2.530056e+01	6.424359e+00	659.20	73.377974	4541	3.124e-02
300kHz_150dA_100Mss_bobN1C20152.txt	166.57	-15.97	260.72	10.81	57041.50	566.71	3.083021e+05	2.519390e+01	6.431378e+00	688.82	77.079426	4541	3.168e-02
300kHz_150dA_100Mss_bobN1C20153.txt	167.08	-15.76	257.71	10.54	57041.50	571.28	3.082343e+05	2.536625e+01	6.427802e+00	676.77	75.192114	4542	3.137e-02
300kHz_150dA_100Mss_bobN1C20154.txt	167.57	-15.52	257.99	10.65	57041.50	570.99	3.083021e+05	2.534623e+01	6.430332e+00	688.13	76.527429	4541	3.128e-02
300kHz_150dA_100Mss_bobN1C20155.txt	168.07	-15.28	260.22	10.58	57041.50	566.13	3.083021e+05	2.517154e+01	6.428322e+00	674.12	75.466219	4541	3.150e-02
300kHz_150dA_100Mss_bobN1C20156.txt	168.57	-15.13	259.98	10.58	57041.50	570.41	3.083021e+05	2.536491e+01	6.427067e+00	673.46	74.804515	4541	3.183e-02
300kHz_150dA_100Mss_bobN1C20157.txt	169.08	-14.98	256.60	10.60	57041.50	562.92	3.083021e+05	2.504508e+01	6.430951e+00	682.79	76.853890	4541	3.120e-02
300kHz_150dA_100Mss_bobN1C20158.txt	169.6	-14.82	261.45	10.64	57041.50	563.87	3.082343e+05	2.503926e+01	6.429930e+00	677.80	76.314924	4542	3.168e-02
300kHz_150dA_100Mss_bobN1C20159.txt	170.1	-14.66	257.46	10.53	57041.50	564.83	3.083021e+05	2.514829e+01	6.426614e+00	665.62	74.565488	4541	3.161e-02
300kHz_150dA_100Mss_bobN1C20160.txt	170.61	-14.46	259.82	10.63	57041.50	563.51	3.083021e+05	2.508299e+01	6.427889e+00	669.76	75.237944	4541	3.167e-02
300kHz_150dA_100Mss_bobN1C20161.txt	171.1	-14.29	259.71	10.58	57041.50	564.05	3.083021e+05	2.512733e+01	6.427328e+00	668.36	74.941763	4541	3.172e-02
300kHz_150dA_100Mss_bobN1C20162.txt	171.61	-14.24	257.69	10.56	57041.50	560.36	3.082343e+05	2.501822e+01	6.428919e+00	672.60	75.780655	4542	3.134e-02
300kHz_150dA_100Mss_bobN1C20163.txt	172.11	-14.10	254.91	10.42	57041.50	566.87	3.083021e+05	2.525153e+01	6.423719e+00	654.96	73.040089	4541	3.156e-02
300kHz_150dA_100Mss_bobN1C20164.txt	172.64	-13.62	259.15	10.51	57041.50	573.45	3.083021e+05	2.546266e+01	6.426673e+00	674.22	74.596890	4541	3.171e-02
300kHz_150dA_100Mss_bobN1C20165.txt	173.15	-13.22	259.70	10.55	57041.50	571.83	3.083021e+05	2.542948e+01	6.427748e+00	678.35	75.163586	4541	3.157e-02
300kHz_150dA_100Mss_bobN1C20166.txt	173.65	-12.97	256.59	10.54	57041.50	564.46	3.083021e+05	2.518546e+01	6.426266e+00	665.00	74.382143	4541	3.098e-02
300kHz_150dA_100Mss_bobN1C20167.txt	174.14	-12.72	256.42	10.43	57041.50	559.13	3.083021e+05	2.494546e+01	6.424314e+00	649.74	73.353681	4541	3.125e-02
300kHz_150dA_100Mss_bobN1C20168.txt	174.64	-12.42	253.85	10.42	57041.50	561.57	3.082343e+05	2.508019e+01	6.425687e+00	659.41	74.076863	4542	3.118e-02
300kHz_150dA_100Mss_bobN1C20169.txt	175.13	-12.14	256.58	10.43	57041.50	567.39	3.083021e+05	2.522848e+01	6.424935e+00	659.98	73.680571	4541	3.117e-02
300kHz_150dA_100Mss_bobN1C20170.txt	175.8	-11.80	255.68	10.44	57041.50	567.76	3.083021e+05	2.525131e+01	6.425211e+00	661.86	73.826728	4541	3.101e-02
300kHz_150dA_100Mss_bobN1C20171.txt	176.81	-10.89	254.23	10.45	57041.50	554.67	3.083021e+05	2.479705e+01	6.426911e+00	657.68	74.721868	4541	3.071e-02
300kHz_150dA_100Mss_bobN1C20172.txt	177.32	-10.44	252.30	10.38	57041.50	560.15	3.083021e+05	2.490141e+01	6.425682e+00	654.84	74.074985	4541	3.071e-02
300kHz_150dA_100Mss_bobN1C20173.txt	177.84	-10.03	252.39	10.44	57041.50	548.50	3.083021e+05	2.450321e+01	6.428519e+00	657.10	75.570075	4541	3.043e-02
300kHz_150dA_100Mss_bobN1C20174.txt	178.36	-9.90	255.38	10.58	57041.50	556.73	3.083021e+05	2.480161e+01	6.430526e+00	674.22	76.629547	4541	3.072e-02
300kHz_150dA_100Mss_bobN1C20175.txt	178.87	-9.90	253.49	10.44	57041.50	553.62	3.083021e+05	2.467425e+01	6.428034e+00	659.50	75.314486	4541	3.047e-02
300kHz_150dA_100Mss_bobN1C20176.txt	179.38	-9.29	250.87	10.34	57041.50	549.71	3.083021e+05	2.456903e+01	6.424102e+00	638.98	73.242059	4541	3.063e-02
300kHz_150dA_100Mss_bobN1C20177.txt	179.88	-8.49	250.80	10.34	57041.50	552.21	3.083021e+05	2.462758e+01	6.423980e+00	639.95	73.178077	4541	3.060e-02
300kHz_150dA_100Mss_bobN1C20178.txt	180.4	-8.10	249.84	10.30	57041.50	558.20	3.083021e+05	2.486635e+01	6.423530e+00	644.10	72.941018	4541	3.046e-02
300kHz_150dA_100Mss_bobN1C20179.txt	180.91	-7.85	251.73	10.22	57041.50	572.18	3.082343e+05	2.533336e+01	6.421385e+00	646.09	71.811976	4542	3.107e-02
300kHz_150dA_100Mss_bobN1C20180.txt	181.41	-7.39	250.11	10.32	57041.50	552.00	3.083021e+05	2.467028e+01	6.424465e+00	643.25	73.433558	4541	3.049e-02
300kHz_150dA_100Mss_bobN1C20181.txt	181.93	-6.87	247.31	10.30	57041.50	546.76	3.082343e+05	2.438719e+01	6.426088e+00	642.99	74.289465	4542	3.016e-02
300kHz_150dA_100Mss_bobN1C20182.txt	182.46	-6.43	247.03	10.26	57041.50	550.73	3.083021e+05	2.457977e+01	6.423480e+00	636.45	72.914894	4541	3.028e-02
300kHz_150dA_100Mss_bobN1C20183.txt	183.06	-5.96	247.77	10.27	57041.50	552.53	3.083021e+05	2.466296e+01	6.422491e+00	634.14	72.394687	4541	3.023e-02
300kHz_150dA_100Mss_bobN1C20184.txt	183.57	-5.60	249.59	10.31	57041.50	552.03	3.083021e+05	2.463911e+01	6.423866e+00	639.74	73.118631	4541	3.031e-02
300kHz_150dA_100Mss_bobN1C20185.txt	184.07	-5.24	245.75	10.02	57041.50	562.57	3.083021e+05	2.498043e+01	6.417872e+00	621.13	69.963524	4541	3.078e-02
300kHz_150dA_100Mss_bobN1C20186.txt	184.57	-4.79	245.04	10.10	57041.50	551.47	3.083021e+05	2.461013e+01	6.420020e+00	621.63	71.093530	4541	3.033e-02
300kHz_150dA_100Mss_bobN1C20187.txt	185.06	-4.35	248.75	10.28	57041.50	553.24	3.083021e+05	2.458535e+01	6.423447e+00	636.45	72.898124	4541	3.024e-02
300kHz_150dA_100Mss_bobN1C20188.txt	185.56	-3.95	244.86	9.98	57041.50	565.62	3.083021e+05	2.507272e+01	6.417285e+00	620.73	69.655214	4541	3.062e-02
300kHz_150dA_100Mss_bobN1C20189.txt	186.07	-3.57	247.16	10.14	57041.50	556.78	3.082343e+05	2.479393e+01	6.419429e+00	623.44	70.782600	4542	3.043e-02
300kHz_150dA_100Mss_bobN1C20190.txt	187.1	-3.11	242.36	10.06	57041.50	552.12	3.083021e+05	2.459581e+01	6.421685e+00	628.77	71.970226	4541	2.999e-02
300kHz_150dA_100Mss_bobN1C20191.txt	187.6	-2.66	242.94	9.99	57041.50	554.37	3.083021e+05	2.466530e+01	6.417401e+00	611.17	69.716469	4541	3.042e-02
300kHz_150dA_100Mss_bobN1C20192.txt	188.1	-2.18	245.25	10.12	57041.50	552.26	3.082343e+05	2.460388e+01	6.419938e+00	620.96	71.050899	4542	3.033e-02
300kHz_150dA_100Mss_bobN1C20193.txt	188.62	-1.56	242.99	10.02	57041.50	551.59	3.083021e+05	2.457643e+01	6.417165e+00	607.90	69.591816	4541	3.032e-02
300kHz_150dA_100Mss_bobN1C20194.txt	189.14	-0.99	242.87	10.10	57041.50	544.12	3.083021e+05	2.436605e+01	6.421703e+00	622.98	71.979404	4541	2.999e-02
300kHz_150dA_100Mss_bobN1C20195.txt	189.63	-0.60	242.92	10.00	57041.50	548.48	3.083021e+05	2.445378e+01	6.417494e+00	606.34	69.764680	4541	3.028e-02
300kHz_150dA_100Mss_bobN1C20196.txt	190.14	-0.20	241.25	10.02	57041.50	545.99	3.083021e+05	2.436350e+01	6.416553e+00	599.90	69.270323	4541	3.011e-02
300kHz_150dA_100Mss_bobN1C20197.txt	190.66	0.16	238.83	9.91	57041.50	543.12	3.082343e+05	2.426714e+01	6.417440e+00	601.34	69.736439	4542	3.017e-02
300kHz_150dA_100Mss_bobN1C20198.txt	191.18	0.53	239.47	9.92	57041.50	542.52	3.083021e+05	2.426324e+01	6.418840e+00	607.61	70.473140	4541	3.006e-02
300kHz_150dA_100Mss_bobN1C20199.txt	191.69	0.88	241.81	9.90	57041.50	549.25	3.083021e+05	2.443880e+01	6.415447e+00	596.79	68.688584	4541	3.038e-02
300kHz_150dA_100Mss_bobN1C20200.txt	192.18	1.23	238.84	9.85	57041.50	546.39	3.083021e+05	2.436945e+01	6.416486e+00	599.75	69.235388	4541	3.020e-02
300kHz_150dA_100Mss_bobN1C20201.txt	192.69	1.58	237.42	9.82	57041.50	548.98	3.083021e+05	2.450556e+01	6.414156e+00	592.61	68.011329	4541	3.007e-02
300kHz_150dA_100Mss_bobN1C20202.txt	193.23	1.96	237.57	9.77	57041.50	547.46	3.083021e+05	2.433968e+01	6.416097e+00	597.27	69.031460	4541	3.007e-02
300kHz_150dA_100Mss_bobN1C20203.txt	193.73	2.31	237.70	9.83	57041.50	542.88	3.083021e+05	2.424552e+01	6.415212e+00	591.02	68.565824	4541	3.003e-02
300kHz_150dA_100Mss_bobN1C20204.txt	194.23	2.66	237.97	9.88	57041.50	548.88	3.083021e+05	2.446636e+01	6.415352e+00	597.03	68.639660	4541	2.995e-02
300kHz_150dA_100Mss_bobN1C20205.txt	194.75	3.03	240.67	9.95	57041.50	544.62	3.083021e+05	2.420967e+01	6.416811e+00	597.25	69.406096	4541	2.997e-02
300kHz_150dA_100Mss_bobN1C20206.txt	195.3	3.29	237.24	9.78	57041.50	549.05	3.083021e+05	2.446814e+01	6.415541e+00	597.93	68.738861	4541	2.995e-02
300kHz_150dA_100Mss_bobN1C20207.txt	196.34	3.74	235.42	9.72	57041.50	545.38	3.083021e+05	2.432811e+01	6.413662e+00	586.11	67.751690	4541	2.962e-02
300kHz_150dA_100Mss_bobN1C20208.txt	197.03	4.22	233.75	9.77	57041.50	535.85	3.083021e+05	2.398073e+01	6.415006e+00	583.66	68.457919	4541	2.965e-02
300kHz_150dA_100Mss_bobN1C20209.txt	198.43	5.14	233.51	9.67	57041.50	545.29	3.083021e+05	2.423686e+01	6.413127e+00	581.54	67.471126	4541	2.943e-02
300kHz_150dA_100Mss_bobN1C20210.txt	199.03	5.62	235.04	9.61	57041.50	551.60	3.083021e+05	2.451828e+01	6.410543e+00	576.65	66.113950	4541	2.987e-02
300kHz_150dA_100Mss_bobN1C20211.txt	199.6	5.96	228.84	9.51	57041.50	540.69	3.082343e+05	2.416123e+01	6.408573e+00	559.39	65.080685	4542	2.915e-02
300kHz_150dA_100Mss_bobN1C20212.txt	200.19	6.37	230.13	9.57	57041.50	542.56	3.083021e+05	2.425292e+01	6.409440e+00	565.50	65.535815	4541	2.933e-02
300kHz_150dA_100Mss_bobN1C20213.txt	200.78	6.90	230.13	9.54	57041.50	537.30	3.083021e+05	2.399004e+01	6.409471e+00	559.51	65.551721	4541	2.944e-02
300kHz_150dA_100Mss_bobN1C20214.txt	201.35	7.31	228.70	9.48	57041.50	536.58	3.083021e+05	2.387549e+01	6.411217e+00	564.49	66.468174	4541	2.933e-02
300kHz_150dA_100Mss_bobN1C20215.txt	201.92	7.65	230.86	9.62	57041.50	536.89	3.083021e+05	2.399558e+01	6.412667e+00	573.72	67.229448	4541	2.914e-02
300kHz_150dA_100Mss_bobN1C20216.txt	202.48	7.99	228.64	9.45	57041.50	541.37	3.083021e+05	2.409056e+01	6.409526e+00	562.09	65.580578	4541	2.941e-02
300kHz_150dA_100Mss_bobN1C20217.txt	203.05	8.33	227.08	9.36	57041.50	541.94	3.083021e+05	2.412211e+01	6.406806e+00	550.78	64.153386	4541	2.949e-02
300kHz_150dA_100Mss_bobN1C20218.txt	203.77	8.76	229.89	9.51	57041.50	540.33	3.083021e+05	2.405228e+01	6.408550e+00	556.89	65.068263	4541	2.938e-02
300kHz_150dA_100Mss_bobN1C20219.txt	204.37	9.12	225.64	9.32	57041.50	547.24	3.083021e+05	2.437090e+01	6.404969e+00	548.23	63.190367	4541	2.912e-02
300kHz_150dA_100Mss_bobN1C20220.txt	205.01	9.50	225.12	9.36	57041.50	544.63	3.083021e+05	2.427526e+01	6.407462e+00	557.20	64.498199	4541	2.888e-02
300kHz_150dA_100Mss_bobN1C20221.txt	205.58	9.79	226.37	9.31	57041.50	548.82	3.083021e+05	2.438578e+01	6.405892e+00	552.70	63.674443	4541	2.916e-02
300kHz_150dA_100Mss_bobN1C20222.txt	206.25	10.15	223.11	9.26	57041.50	539.14	3.083021e+05	2.402228e+01	6.406546e+00	547.35	64.017904	4541	2.895e-02
300kHz_150dA_100Mss_bobN1C20223.txt	207.01	10.60	222.86	9.24	57041.50	533.77	3.083021e+05	2.375012e+01	6.407119e+00	543.65	64.318009	4541	2.895e-02
300kHz_150dA_100Mss_bobN1C20224.txt	207.58	10.89	223.24	9.19	57041.50	536.74	3.083021e+05	2.393245e+01	6.402988e+00	529.65	62.152247	4541	2.918e-02
300kHz_150dA_100Mss_bobN1C20225.txt	208.12	11.15	225.89	9.30	57041.50	541.07	3.083021e+05	2.407975e+01	6.406258e+00	547.38	63.866600	4541	2.903e-02
300kHz_150dA_100Mss_bobN1C20226.txt	208.7	11.38	222.95	9.21	57041.50	540.24	3.083021e+05	2.409503e+01	6.403709e+00	536.44	62.530320	4541	2.902e-02
300kHz_150dA_100Mss_bobN1C20227.txt	209.21	11.61	220.81	9.17	57041.50	537.56	3.082343e+05	2.389926e+01	6.405721e+00	540.80	63.585188	4542	2.891e-02
300kHz_150dA_100Mss_bobN1C20228.txt	210.25	12.12	222.41	9.31	57041.50	533.83	3.083021e+05	2.382673e+01	6.406677e+00	543.47	64.086838	4541	2.859e-02
300kHz_150dA_100Mss_bobN1C20229.txt	210.82	12.41	223.04	9.31	57041.50	537.05	3.083021e+05	2.393126e+01	6.405040e+00	538.65	63.228568	4541	2.878e-02
300kHz_150dA_100Mss_bobN1C20230.txt	211.43	12.72	219.72	9.13	57041.50	539.53	3.083021e+05	2.407005e+01	6.401812e+00	527.49	61.537008	4541	2.880e-02
300kHz_150dA_100Mss_bobN1C20231.txt	212.01	13.01	220.36	9.11	57041.50	538.75	3.082343e+05	2.399054e+01	6.401969e+00	526.33	61.619448	4542	2.885e-02
300kHz_150dA_100Mss_bobN1C20232.txt	212.56	13.56	216.72	8.91	57041.50	541.92	3.083021e+05	2.405086e+01	6.398795e+00	513.73	59.957460	4541	2.919e-02
300kHz_150dA_100Mss_bobN1C20233.txt	213.12	14.00	218.12	9.05	57041.50	542.09	3.083021e+05	2.409297e+01	6.402816e+00	532.44	62.063304	4541	2.886e-02
300kHz_150dA_100Mss_bobN1C20234.txt	213.74	14.00	218.03	8.97	57041.50	539.35	3.083021e+05	2.396536e+01	6.399596e+00	515.43	60.376857	4541	2.912e-02
300kHz_150dA_100Mss_bobN1C20235.txt	214.3	14.30	219.57	9.07	57041.50	545.56	3.082343e+05	2.419827e+01	6.402856e+00	534.83	62.084700	4542	2.897e-02
300kHz_150dA_100Mss_bobN1C20236.txt	214.87	14.87	217.30	8.99	57041.50	541.48	3.083021e+05	2.407878e+01	6.401254e+00	525.21	61.245601	4541	2.894e-02
300kHz_150dA_100Mss_bobN1C20237.txt	215.79	15.39	216.93	9.01	57041.50	535.46	3.083021e+05	2.384864e+01	6.401572e+00	521.59	61.412179	4541	2.881e-02
300kHz_150dA_100Mss_bobN1C20238.txt	216.37	15.69	217.63	9.02	57041.50	539.79	3.082343e+05	2.396217e+01	6.401119e+00	521.96	61.174716	4542	2.895e-02
300kHz_150dA_100Mss_bobN1C20239.txt	216.89	15.94	217.07	8.95	57041.50	540.52	3.083021e+05	2.402186e+01	6.398538e+00	511.97	59.823341	4541	2.903e-02
300kHz_150dA_100Mss_bobN1C20240.txt	217.47	16.19	216.85	8.94	57041.50	540.58	3.082343e+05	2.409516e+01	6.396835e+00	505.87	58.932265	4542	2.922e-02
300kHz_150dA_100Mss_bobN1C20241.txt	218.03	16.41	214.83	8.95	57041.50	536.28	3.083021e+05	2.387211e+01	6.397136e+00	502.62	59.089710	4541	2.878e-02
300kHz_150dA_100Mss_bobN1C20242.txt	218.6	16.64	213.68	8.91	57041.50	537.03	3.083021e+05	2.388107e+01	6.399560e+00	513.46	60.358584	4541	2.859e-02
300kHz_150dA_100Mss_bobN1C20243.txt	219.3	16.95	213.19	8.83	57041.50	540.12	3.083021e+05	2.397700e+01	6.397743e+00	507.51	59.407503	4541	2.888e-02
300kHz_150dA_100Mss_bobN1C20244.txt	219.87	17.24	214.36	8.89	57041.50	536.99	3.082343e+05	2.387476e+01	6.398800e+00	509.87	59.960614	4542	2.888e-02
300kHz_150dA_100Mss_bobN1C20245.txt	220.43	17.52	212.28	8.82	57041.50	533.62	3.083021e+05	2.375091e+01	6.397874e+00	503.29	59.475743	4541	2.872e-02
300kHz_150dA_100Mss_bobN1C20246.txt	221.0	17.80	214.34	8.88	57041.50	531.19	3.083021e+05	2.374554e+01	6.397891e+00	503.26	59.484536	4541	2.898e-02
300kHz_150dA_100Mss_bobN1C20247.txt	222.17	18.23	212.93	8.67	57041.50	557.93	3.083021e+05	2.470224e+01	6.392403e+00	498.59	56.615108	4541	2.939e-02
300kHz_150dA_100Mss_bobN1C20248.txt	222.68	18.34	212.65	8.77	57041.50	542.26	3.083021e+05	2.404040e+01	6.396940e+00	505.30	58.987468	4541	2.892e-02
300kHz_150dA_100Mss_bobN1C20249.txt	223.19	18.44	212.04	8.79	57041.50	538.81	3.082343e+05	2.398117e+01	6.397180e+00	505.00	59.113233	4542	2.855e-02
300kHz_150dA_100Mss_bobN1C20250.txt	223.71	18.54	211.37	8.76	57041.50	538.57	3.083021e+05	2.398969e+01	6.395650e+00	498.54	58.312653	4541	2.886e-02
300kHz_150dA_100Mss_bobN1C20251.txt	224.23	18.71	210.82	8.78	57041.50	538.46	3.083021e+05	2.399465e+01	6.396786e+00	503.66	58.907301	4541	2.861e-02
300kHz_150dA_100Mss_bobN1C20252.txt	224.77	18.99	211.71	8.71	57041.50	541.07	3.083021e+05	2.404188e+01	6.395958e+00	500.99	58.473871	4541	2.908e-02
300kHz_150dA_100Mss_bobN1C20253.txt	225.3	19.22	211.78	8.64	57041.50	556.95	3.083021e+05	2.465868e+01	6.391968e+00	495.73	56.388306	4541	2.928e-02
300kHz_150dA_100Mss_bobN1C20254.txt	225.81	19.42	210.47	8.72	57041.50	543.94	3.082343e+05	2.420187e+01	6.394396e+00	497.26	57.657569	4542	2.857e-02
300kHz_150dA_100Mss_bobN1C20255.txt	226.33	19.63	211.84	8.72	57041.50	552.72	3.083021e+05	2.449692e+01	6.394766e+00	505.10	57.851105	4541	2.895e-02
300kHz_150dA_100Mss_bobN1C20256.txt	226.83	19.83	209.36	8.72	57041.50	537.60	3.083021e+05	2.387967e+01	6.396712e+00	500.92	58.868875	4541	2.863e-02
300kHz_150dA_100Mss_bobN1C20257.txt	227.34	20.04	209.93	8.74	57041.50	536.18	3.083021e+05	2.384567e+01	6.395557e+00	495.14	58.265203	4541	2.866e-02
300kHz_150dA_100Mss_bobN1C20258.txt	227.85	20.24	210.14	8.73	57041.50	536.34	3.082343e+05	2.388595e+01	6.395427e+00	495.30	58.196787	4542	2.843e-02
300kHz_150dA_100Mss_bobN1C20259.txt	228.37	20.52	207.46	8.58	57041.50	544.42	3.083021e+05	2.414771e+01	6.392141e+00	486.23	56.478825	4541	2.850e-02
300kHz_150dA_100Mss_bobN1C20260.txt	228.89	20.83	207.05	8.57	57041.50	540.50	3.083021e+05	2.394402e+01	6.391960e+00	481.33	56.383923	4541	2.846e-02
300kHz_150dA_100Mss_bobN1C20261.txt	229.55	21.12	206.52	8.69	57041.50	532.57	3.083021e+05	2.374506e+01	6.394851e+00	489.97	57.895537	4541	2.834e-02
300kHz_150dA_100Mss_bobN1C20262.txt	230.17	21.38	206.10	8.51	57041.50	536.24	3.083021e+05	2.375130e+01	6.391272e+00	474.45	56.024618	4541	2.856e-02
300kHz_150dA_100Mss_bobN1C20263.txt	230.7	21.65	205.04	8.58	57041.50	532.27	3.083021e+05	2.376456e+01	6.391276e+00	474.73	56.026375	4541	2.828e-02
300kHz_150dA_100Mss_bobN1C20264.txt	231.27	21.83	205.00	8.57	57041.50	535.97	3.083021e+05	2.381854e+01	6.394830e+00	491.39	57.884322	4541	2.815e-02
300kHz_150dA_100Mss_bobN1C20265.txt	231.8	21.88	207.33	8.61	57041.50	535.77	3.083021e+05	2.379545e+01	6.392874e+00	482.35	56.861765	4541	2.871e-02
300kHz_150dA_100Mss_bobN1C20266.txt	232.94	22.28	205.30	8.49	57041.50	534.96	3.083021e+05	2.374095e+01	6.391577e+00	475.58	56.184056	4541	2.842e-02
300kHz_150dA_100Mss_bobN1C20267.txt	233.46	22.48	203.35	8.45	57041.50	536.64	3.083021e+05	2.384709e+01	6.390038e+00	470.94	55.379832	4541	2.836e-02
300kHz_150dA_100Mss_bobN1C20268.txt	233.96	22.68	204.88	8.54	57041.50	538.46	3.083021e+05	2.384625e+01	6.392614e+00	482.23	56.725917	4541	2.817e-02
300kHz_150dA_100Mss_bobN1C20269.txt	234.47	22.89	202.24	8.39	57041.50	536.77	3.083021e+05	2.377639e+01	6.389215e+00	465.94	54.949711	4541	2.838e-02
300kHz_150dA_100Mss_bobN1C20270.txt	234.99	23.10	203.23	8.50	57041.50	535.04	3.082343e+05	2.373842e+01	6.391941e+00	477.01	56.374201	4542	2.788e-02
300kHz_150dA_100Mss_bobN1C20271.txt	235.5	23.30	203.29	8.46	57041.50	534.41	3.083021e+05	2.369948e+01	6.390942e+00	471.97	55.851935	4541	2.829e-02
300kHz_150dA_100Mss_bobN1C20272.txt	236.04	23.52	204.30	8.50	57041.50	535.32	3.083021e+05	2.377053e+01	6.390530e+00	471.59	55.637283	4541	2.825e-02
300kHz_150dA_100Mss_bobN1C20273.txt	236.56	23.78	202.24	8.40	57041.50	536.12	3.082343e+05	2.377960e+01	6.389062e+00	465.24	54.870695	4542	2.813e-02
300kHz_150dA_100Mss_bobN1C20274.txt	237.08	24.02	201.63	8.42	57041.50	533.45	3.082343e+05	2.375523e+01	6.389364e+00	466.08	55.028202	4542	2.796e-02
300kHz_150dA_100Mss_bobN1C20275.txt	237.85	24.26	201.09	8.44	57041.50	534.86	3.083021e+05	2.381535e+01	6.389971e+00	470.02	55.345435	4541	2.802e-02
300kHz_150dA_100Mss_bobN1C20276.txt	238.37	24.49	200.82	8.41	57041.50	529.85	3.083021e+05	2.354233e+01	6.391835e+00	472.71	56.318682	4541	2.802e-02
300kHz_150dA_100Mss_bobN1C20277.txt	238.89	24.74	204.11	8.34	57041.50	549.41	3.083021e+05	2.424268e+01	6.388091e+00	470.07	54.362947	4541	2.872e-02
300kHz_150dA_100Mss_bobN1C20278.txt	239.39	24.96	200.39	8.31	57041.50	543.30	3.082343e+05	2.406895e+01	6.387629e+00	464.54	54.121721	4542	2.810e-02
300kHz_150dA_100Mss_bobN1C20279.txt	239.9	25.16	201.18	8.40	57041.50	531.02	3.082343e+05	2.359493e+01	6.389216e+00	462.29	54.950332	4542	2.795e-02
300kHz_150dA_100Mss_bobN1C20280.txt	240.39	25.36	198.32	8.36	57041.50	531.21	3.083021e+05	2.363392e+01	6.388031e+00	458.00	54.331911	4541	2.788e-02
300kHz_150dA_100Mss_bobN1C20281.txt	240.91	25.56	199.94	8.31	57041.50	538.73	3.083021e+05	2.390662e+01	6.387736e+00	461.98	54.177479	4541	2.797e-02
300kHz_150dA_100Mss_bobN1C20282.txt	241.41	25.72	198.79	8.27	57041.50	538.78	3.083021e+05	2.388437e+01	6.387086e+00	458.70	53.838715	4541	2.793e-02
300kHz_150dA_100Mss_bobN1C20283.txt	241.93	25.88	199.19	8.33	57041.50	532.48	3.083021e+05	2.365332e+01	6.387752e+00	457.16	54.186127	4541	2.780e-02
300kHz_150dA_100Mss_bobN1C20284.txt	242.43	26.03	197.58	8.22	57041.50	532.40	3.083021e+05	2.356378e+01	6.385222e+00	444.45	52.865807	4541	2.804e-02
300kHz_150dA_100Mss_bobN1C20285.txt	243.46	26.38	196.51	8.28	57041.50	526.15	3.083021e+05	2.342477e+01	6.387764e+00	452.80	54.192304	4541	2.767e-02
300kHz_150dA_100Mss_bobN1C20286.txt	243.99	26.60	199.33	8.30	57041.50	537.97	3.083021e+05	2.381574e+01	6.386460e+00	454.63	53.511872	4541	2.792e-02
300kHz_150dA_100Mss_bobN1C20287.txt	244.52	26.81	197.13	8.23	57041.50	534.84	3.083021e+05	2.368409e+01	6.387562e+00	456.93	54.087458	4541	2.779e-02
300kHz_150dA_100Mss_bobN1C20288.txt	245.03	27.01	194.67	8.20	57041.50	527.54	3.083021e+05	2.343173e+01	6.387335e+00	451.08	53.968313	4541	2.759e-02
300kHz_150dA_100Mss_bobN1C20289.txt	245.53	27.16	197.57	8.22	57041.50	531.95	3.083021e+05	2.350343e+01	6.387544e+00	453.36	54.077476	4541	2.812e-02
300kHz_150dA_100Mss_bobN1C20290.txt	246.04	27.32	198.38	8.28	57041.50	532.18	3.083021e+05	2.356126e+01	6.387156e+00	452.79	53.875286	4541	2.810e-02
300kHz_150dA_100Mss_bobN1C20291.txt	246.54	27.52	196.46	8.23	57041.50	530.38	3.083021e+05	2.351751e+01	6.386532e+00	449.25	53.548955	4541	2.776e-02
300kHz_150dA_100Mss_bobN1C20292.txt	247.05	27.72	194.76	8.18	57041.50	529.92	3.083021e+05	2.354336e+01	6.384999e+00	443.10	52.748791	4541	2.763e-02
300kHz_150dA_100Mss_bobN1C20293.txt	247.54	27.86	196.07	8.17	57041.50	532.57	3.083021e+05	2.358919e+01	6.385074e+00	444.28	52.788387	4541	2.787e-02
300kHz_150dA_100Mss_bobN1C20294.txt	248.05	28.01	194.74	8.17	57041.50	532.43	3.083021e+05	2.361159e+01	6.385123e+00	444.92	52.814067	4541	2.770e-02
300kHz_150dA_100Mss_bobN1C20295.txt	248.55	28.11	198.44	8.28	57041.50	529.83	3.083021e+05	2.355367e+01	6.388415e+00	458.11	54.532059	4541	2.804e-02
300kHz_150dA_100Mss_bobN1C20296.txt	249.07	28.22	194.78	8.16	57041.50	529.60	3.083021e+05	2.352672e+01	6.384302e+00	439.76	52.385517	4541	2.772e-02
300kHz_150dA_100Mss_bobN1C20297.txt	249.57	28.37	192.84	8.09	57041.50	524.66	3.083021e+05	2.326979e+01	6.385257e+00	439.05	52.883502	4541	2.761e-02
300kHz_150dA_100Mss_bobN1C20298.txt	250.09	28.53	193.46	8.10	57041.50	530.61	3.083021e+05	2.351810e+01	6.383450e+00	435.91	51.941074	4541	2.777e-02
300kHz_150dA_100Mss_bobN1C20299.txt	250.61	28.68	195.07	8.26	57041.50	527.06	3.083021e+05	2.345040e+01	6.386557e+00	448.08	53.562325	4541	2.769e-02
300kHz_150dA_100Mss_bobN1C20300.txt	251.12	28.85	193.01	8.11	57041.50	527.82	3.083021e+05	2.340758e+01	6.385900e+00	444.43	53.219307	4541	2.756e-02
300kHz_150dA_100Mss_bobN1C20301.txt	251.64	29.06	193.46	8.16	57041.50	522.61	3.083021e+05	2.325462e+01	6.384428e+00	435.21	52.451110	4541	2.756e-02
300kHz_150dA_100Mss_bobN1C20302.txt	252.18	29.25	194.96	8.21	57041.50	524.45	3.083021e+05	2.326617e+01	6.386423e+00	443.98	53.492837	4541	2.755e-02
300kHz_150dA_100Mss_bobN1C20303.txt	252.71	29.41	193.07	8.05	57041.50	531.91	3.083021e+05	2.349938e+01	6.385257e+00	443.38	52.884095	4541	2.782e-02
300kHz_150dA_100Mss_bobN1C20304.txt	253.74	29.72	191.59	8.05	57041.50	530.85	3.082343e+05	2.351912e+01	6.383694e+00	436.89	52.068986	4542	2.771e-02
300kHz_150dA_100Mss_bobN1C20305.txt	254.38	29.91	190.76	8.04	57041.50	525.83	3.083021e+05	2.332520e+01	6.382257e+00	427.21	51.319493	4541	2.755e-02
300kHz_150dA_100Mss_bobN1C20306.txt	254.9	30.07	191.19	8.03	57041.50	531.63	3.083021e+05	2.349169e+01	6.383186e+00	434.28	51.804109	4541	2.758e-02
300kHz_150dA_100Mss_bobN1C20307.txt	255.41	30.22	190.69	8.03	57041.50	529.90	3.083021e+05	2.343297e+01	6.380978e+00	423.66	50.652960	4541	2.759e-02
300kHz_150dA_100Mss_bobN1C20308.txt	255.93	30.38	191.99	8.20	57041.50	524.81	3.083021e+05	2.327041e+01	6.384546e+00	436.02	52.513182	4541	2.722e-02
300kHz_150dA_100Mss_bobN1C20309.txt	256.46	30.58	190.91	8.10	57041.50	522.10	3.083021e+05	2.311676e+01	6.386356e+00	440.85	53.457875	4541	2.730e-02
300kHz_150dA_100Mss_bobN1C20310.txt	257.05	30.83	190.74	8.07	57041.50	524.09	3.083021e+05	2.327791e+01	6.384489e+00	435.91	52.483799	4541	2.737e-02
300kHz_150dA_100Mss_bobN1C20311.txt	257.62	31.11	189.50	8.01	57041.50	526.44	3.083021e+05	2.333891e+01	6.382189e+00	427.17	51.284348	4541	2.740e-02
300kHz_150dA_100Mss_bobN1C20312.txt	258.15	31.34	189.90	7.95	57041.50	528.42	3.082343e+05	2.337825e+01	6.382836e+00	430.58	51.621474	4542	2.780e-02
300kHz_150dA_100Mss_bobN1C20313.txt	258.63	31.49	189.20	7.94	57041.50	523.84	3.083021e+05	2.314095e+01	6.382064e+00	423.01	51.218992	4541	2.767e-02
300kHz_150dA_100Mss_bobN1C20314.txt	259.15	31.64	186.38	7.87	57041.50	526.28	3.083021e+05	2.329095e+01	6.379336e+00	414.04	49.796858	4541	2.743e-02
300kHz_150dA_100Mss_bobN1C20315.txt	259.82	31.85	186.64	7.93	57041.50	521.73	3.083021e+05	2.313833e+01	6.379046e+00	410.09	49.645461	4541	2.737e-02
